# 第30块采样点
# 总点数: 114
# 索引0: 起点, 1: 退出点, 2+: 网格点
# 格式: 索引 X Y

0 -204.000000 67.000000
1 -168.000000 75.000000
2 -195.669870 47.953506
3 -191.765122 48.821228
4 -187.860374 49.688949
5 -183.955626 50.556671
6 -200.312182 50.404820
7 -196.407434 51.272542
8 -192.502686 52.140264
9 -188.597937 53.007985
10 -184.693189 53.875707
11 -180.788441 54.743429
12 -201.049746 53.723856
13 -197.144998 54.591578
14 -193.240249 55.459300
15 -189.335501 56.327021
16 -185.430753 57.194743
17 -181.526005 58.062465
18 -177.621256 58.930187
19 -201.787309 57.042892
20 -197.882561 57.910614
21 -193.977813 58.778336
22 -190.073065 59.646057
23 -186.168316 60.513779
24 -182.263568 61.381501
25 -178.358820 62.249223
26 -174.454072 63.116945
27 -202.524873 60.361928
28 -198.620125 61.229650
29 -194.715376 62.097372
30 -190.810628 62.965093
31 -186.905880 63.832815
32 -183.001132 64.700537
33 -179.096383 65.568259
34 -175.191635 66.435981
35 -171.286887 67.303703
36 -203.262436 63.680964
37 -199.357688 64.548686
38 -195.452940 65.416408
39 -191.548192 66.284129
40 -187.643443 67.151851
41 -183.738695 68.019573
42 -179.833947 68.887295
43 -175.929199 69.755017
44 -172.024451 70.622739
45 -200.095252 67.867722
46 -196.190504 68.735444
47 -192.285755 69.603165
48 -188.381007 70.470887
49 -184.476259 71.338609
50 -180.571511 72.206331
51 -176.666762 73.074053
52 -172.762014 73.941775
53 -168.857266 74.809496
54 -200.832815 71.186758
55 -196.928067 72.054480
56 -193.023319 72.922201
57 -189.118571 73.789923
58 -185.213822 74.657645
59 -181.309074 75.525367
60 -177.404326 76.393089
61 -173.499578 77.260811
62 -169.594829 78.128532
63 -201.570379 74.505794
64 -197.665631 75.373516
65 -193.760882 76.241238
66 -189.856134 77.108959
67 -185.951386 77.976681
68 -182.046638 78.844403
69 -178.141889 79.712125
70 -174.237141 80.579847
71 -170.332393 81.447568
72 -202.307942 77.824830
73 -198.403194 78.692552
74 -194.498446 79.560274
75 -190.593698 80.427995
76 -186.688949 81.295717
77 -182.784201 82.163439
78 -178.879453 83.031161
79 -174.974705 83.898883
80 -171.069957 84.766604
81 -203.045506 81.143866
82 -199.140758 82.011588
83 -195.236010 82.879310
84 -191.331261 83.747031
85 -187.426513 84.614753
86 -183.521765 85.482475
87 -179.617017 86.350197
88 -199.878321 85.330624
89 -195.973573 86.198346
90 -192.068825 87.066067
91 -188.164077 87.933789
92 -184.259328 88.801511
93 -180.354580 89.669233
94 -200.615885 88.649660
95 -196.711137 89.517382
96 -192.806388 90.385103
97 -188.901640 91.252825
98 -184.996892 92.120547
99 -181.092144 92.988269
100 -201.353448 91.968696
101 -197.448700 92.836418
102 -193.543952 93.704139
103 -189.639204 94.571861
104 -185.734455 95.439583
105 -202.091012 95.287732
106 -198.186264 96.155454
107 -194.281515 97.023175
108 -190.376767 97.890897
109 -186.472019 98.758619
110 -202.828576 98.606768
111 -198.923827 99.474490
112 -195.019079 100.342211
113 -191.114331 101.209933
