0 72443 386019 172717 152788 135018 119033 8000 12000 16000 20000 24000 28000 32000 36000 40000 44000 48000 52000 56000 60000 64000 68000 3400 5250 8693 12472 16357 20287 24240 28206 32180 36160 40144 44131 48120 52111 56103 60096 6800 7889 10500 13793 17385 21124 24945 28814 32715 36637 40574 44522 48479 52443 56411 10200 10956 12963 15749 18975 22451 83710 45167 49072 52991 157400 140653 127040 115804 192761 175402 226730 215063 258319 289524 314804 336462 357710 397968 378702 420488 399530 442909 420250 462702 440889 480609 460856 528906 498309
72443 0 8123 16791 12899 9102 5595 64443 60443 56443 52443 48443 44443 40443 36443 32443 28443 24443 20443 16443 12443 8443 4443 72523 68527 64533 60539 56545 52553 48562 44573 40586 36601 32621 28646 24678 20724 16791 12899 72762 68780 64801 60824 56851 52882 48918 44960 41011 37072 33148 29245 25371 21544 21198 73158 69199 65245 61298 57357 97255 34009 30217 33535 122246 44163 123131 149506 194551 171714 210834 222815 259320 265363 308121 340033 374185 410794 399347 435531 429115 457461 448633 479426 468221 501368 487835 523241 478350 507437
386019 8123 0 12472 8693 5250 3400 340878 316118 289345 259755 223519 178987 115343 32715 28814 24945 21124 17385 13793 10500 7889 6800 259183 231501 199274 159040 102246 49072 45167 41280 37417 33586 29800 26078 22451 18975 15749 12963 100477 65429 61522 57628 53749 49889 46054 42249 38483 34770 31128 27586 24186 20999 18137 70093 66219 62362 58523 54708 50922 32757 29411 26249 23345 34643 31499 28569 25926 33800 31088 36275 128749 38889 170198 239760 286154 334162 294044 373622 335480 399732 374721 424984 397832 449504 420266 473382 398262 442118
172717 16791 12472 0 4000 8000 12000 142420 125767 107738 87832 65138 37774 24240 20287 16357 12472 8693 5250 3400 5250 8693 12472 65979 52443 48479 44522 40574 36637 32715 28814 24945 21124 17385 13793 10500 7889 6800 7889 56921 52991 49072 45167 41280 37417 33586 29800 26078 22451 18975 15749 12963 10956 10200 57628 53749 49889 46054 42249 38483 20999 18137 15778 14176 23345 20809 18788 17464 23668 21913 26654 25109 29729 32869 36056 39278 42528 47007 120654 50217 215350 53451 248732 56704 278257 111611 304971 64385 188252
152788 12899 8693 4000 0 4000 8000 120684 102958 83726 62493 38439 32180 28206 24240 20287 16357 12472 8693 5250 3400 5250 8693 60384 56411 52443 48479 44522 40574 36637 32715 28814 24945 21124 17385 13793 10500 7889 6800 60861 56921 52991 49072 45167 41280 37417 33586 29800 26078 22451 18975 15749 12963 10956 61522 57628 53749 49889 46054 42249 24186 20999 18137 15778 26249 23345 20809 18788 25926 23668 28678 26654 31557 34531 37577 148445 210883 48514 276458 171211 309864 221839 337274 274499 362911 310520 387136 232795 333948
135018 9102 5250 8000 4000 0 4000 101726 83365 63497 44131 40144 36160 32180 28206 24240 20287 16357 12472 8693 5250 3400 5250 64360 60384 56411 52443 48479 44522 40574 36637 32715 28814 24945 21124 17385 13793 10500 7889 64808 60861 56921 52991 49072 45167 41280 37417 33586 29800 26078 22451 18975 15749 12963 65429 61522 57628 53749 49889 46054 27586 24186 20999 18137 29411 26249 23345 20809 28569 25926 31088 31402 33762 81320 210717 255454 302988 256216 346121 295649 370896 337534 394877 364385 418161 385376 440817 361738 405834
119033 5595 3400 12000 8000 4000 0 84961 66231 52111 48120 44131 40144 36160 32180 28206 24240 20287 16357 12472 8693 5250 3400 68339 64360 60384 56411 52443 48479 44522 40574 36637 32715 28814 24945 21124 17385 13793 10500 68761 64808 60861 56921 52991 49072 45167 41280 37417 33586 29800 26078 22451 18975 15749 69347 65429 61522 57628 53749 49889 31128 27586 24186 20999 32757 29411 26249 70815 31499 35482 33800 164325 143119 215504 265931 308968 353703 322707 388608 361592 413480 393306 437695 415186 461344 436566 484483 418399 457510
8000 64443 340878 142420 120684 101726 84961 0 4000 8000 12000 16000 20000 24000 28000 32000 36000 40000 44000 48000 52000 56000 60000 8693 5250 3400 5250 8693 12472 16357 20287 24240 28206 32180 36160 40144 44131 48120 52111 10500 7889 6800 7889 10500 13793 17385 21124 24945 28814 32715 36637 40574 44522 48479 12963 10956 10200 10956 12963 15749 33586 37417 41280 45167 137558 117077 86679 46054 166981 146250 201359 187677 231022 260528 286055 307347 328402 373955 349301 396819 370083 419542 390765 440123 411345 458005 431819 507744 475575
12000 60443 316118 125767 102958 83365 66231 4000 0 4000 8000 12000 16000 20000 24000 28000 32000 36000 40000 44000 48000 52000 56000 12472 8693 5250 3400 5250 8693 12472 16357 20287 24240 28206 32180 36160 40144 44131 48120 13793 10500 7889 6800 7889 10500 13793 17385 21124 24945 28814 32715 36637 40574 44522 15749 12963 10956 10200 10956 12963 29800 33586 37417 41280 126663 101303 44731 42249 152379 129339 187853 172767 217064 246474 272542 293253 313928 363188 334791 386207 355526 409021 376130 430065 396596 447793 416910 501775 465137
16000 56443 289345 107738 83726 63497 52111 8000 4000 0 4000 8000 12000 16000 20000 24000 28000 32000 36000 40000 44000 48000 52000 16357 12472 8693 5250 3400 5250 8693 12472 16357 20287 24240 28206 32180 36160 40144 44131 17385 13793 10500 7889 6800 7889 10500 13793 17385 21124 24945 28814 32715 36637 40574 18975 15749 12963 10956 10200 10956 26078 29800 33586 37417 114865 65380 34770 38483 135969 104428 173700 153558 202598 232068 259464 280171 300774 353959 321267 376834 341632 399438 361848 420959 381894 438364 401749 497329 455303
20000 52443 259755 87832 62493 44131 48120 12000 8000 4000 0 4000 8000 12000 16000 20000 24000 28000 32000 36000 40000 44000 48000 20287 16357 12472 8693 5250 3400 5250 8693 12472 16357 20287 24240 28206 32180 36160 40144 21124 17385 13793 10500 7889 6800 7889 10500 13793 17385 21124 24945 28814 32715 36637 22451 18975 15749 12963 10956 10200 22451 26078 29800 33586 90167 32783 31128 34770 109188 61237 158722 124167 187445 217122 246575 267250 287769 346932 308106 369729 328234 392120 348131 414089 367774 430876 387149 495326 447055
24000 48443 223519 65138 38439 40144 44131 16000 12000 8000 4000 0 4000 8000 12000 16000 20000 24000 28000 32000 36000 40000 44000 24240 20287 16357 12472 8693 5250 3400 5250 8693 12472 16357 20287 24240 28206 32180 36160 24945 21124 17385 13793 10500 7889 6800 7889 10500 13793 17385 21124 24945 28814 32715 26078 22451 18975 15749 12963 10956 18975 22451 26078 29800 62978 24186 27586 31128 68228 29411 132247 73478 168267 201074 232594 254363 274606 341451 294554 363823 314182 385622 333470 406853 352408 424308 370986 495923 439491
28000 44443 178987 37774 32180 36160 40144 20000 16000 12000 8000 4000 0 4000 8000 12000 16000 20000 24000 28000 32000 36000 40000 28206 24240 20287 16357 12472 8693 5250 3400 5250 8693 12472 16357 20287 24240 28206 32180 28814 24945 21124 17385 13793 10500 7889 6800 7889 10500 13793 17385 21124 24945 28814 29800 26078 22451 18975 15749 12963 15749 18975 22451 26078 27673 20999 24186 27586 23345 26249 88045 28569 134044 168378 203524 232564 253992 336388 274625 358590 294546 379457 313813 399290 332473 418043 350564 498476 431723
32000 40443 115343 24240 28206 32180 36160 24000 20000 16000 12000 8000 4000 0 4000 8000 12000 16000 20000 24000 28000 32000 36000 32180 28206 24240 20287 16357 12472 8693 5250 3400 5250 8693 12472 16357 20287 24240 28206 32715 28814 24945 21124 17385 13793 10500 7889 6800 7889 10500 13793 17385 21124 24945 33586 29800 26078 22451 18975 15749 12963 15749 18975 22451 15778 18137 20999 24186 20809 23345 23668 25926 39685 126967 161273 197925 221612 317632 240387 337325 258365 355998 275617 373743 292201 390642 308168 490526 406769
36000 36443 32715 20287 24240 28206 32180 28000 24000 20000 16000 12000 8000 4000 0 4000 8000 12000 16000 20000 24000 28000 32000 36160 32180 28206 24240 20287 16357 12472 8693 5250 3400 5250 8693 12472 16357 20287 24240 36637 32715 28814 24945 21124 17385 13793 10500 7889 6800 7889 10500 13793 17385 21124 37417 33586 29800 26078 22451 18975 10956 12963 15749 18975 14176 15778 18137 20999 18788 20809 21913 23668 25109 28352 31628 64253 110157 287051 161189 303145 182717 318009 200350 331825 216636 344736 231815 479197 356861
40000 32443 28814 16357 20287 24240 28206 32000 28000 24000 20000 16000 12000 8000 4000 0 4000 8000 12000 16000 20000 24000 28000 40144 36160 32180 28206 24240 20287 16357 12472 8693 5250 3400 5250 8693 12472 16357 20287 40574 36637 32715 28814 24945 21124 17385 13793 10500 7889 6800 7889 10500 13793 17385 41280 37417 33586 29800 26078 22451 10200 10956 12963 15749 13600 14176 15778 18137 17464 18788 20788 21913 24134 27493 30860 34234 37613 216586 40996 219986 44381 223386 47768 226786 51157 230186 54547 429268 233586
44000 28443 24945 12472 16357 20287 24240 36000 32000 28000 24000 20000 16000 12000 8000 4000 0 4000 8000 12000 16000 20000 24000 44131 40144 36160 32180 28206 24240 20287 16357 12472 8693 5250 3400 5250 8693 12472 16357 44522 40574 36637 32715 28814 24945 21124 17385 13793 10500 7889 6800 7889 10500 13793 45167 41280 37417 33586 29800 26078 10956 10200 10956 12963 14176 13600 14176 15778 17000 17464 20400 20788 23800 27200 30600 34000 37400 40996 40800 44381 44200 47768 47600 51157 51000 54547 54400 337716 57938
48000 24443 21124 8693 12472 16357 20287 40000 36000 32000 28000 24000 20000 16000 12000 8000 4000 0 4000 8000 12000 16000 20000 48120 44131 40144 36160 32180 28206 24240 20287 16357 12472 8693 5250 3400 5250 8693 12472 48479 44522 40574 36637 32715 28814 24945 21124 17385 13793 10500 7889 6800 7889 10500 49072 45167 41280 37417 33586 29800 12963 10956 10200 10956 15778 14176 13600 14176 17464 17000 20788 20400 24134 27493 30860 34234 37613 41577 40996 44918 44381 48268 47768 51624 51157 54985 54547 110282 58351
52000 20443 17385 5250 8693 12472 16357 44000 40000 36000 32000 28000 24000 20000 16000 12000 8000 4000 0 4000 8000 12000 16000 52111 48120 44131 40144 36160 32180 28206 24240 20287 16357 12472 8693 5250 3400 5250 8693 52443 48479 44522 40574 36637 32715 28814 24945 21124 17385 13793 10500 7889 6800 7889 52991 49072 45167 41280 37417 33586 15749 12963 10956 10200 18137 15778 14176 13600 18788 17464 21913 20788 25109 28352 31628 34928 38246 42528 41577 45800 44918 49089 48268 52393 153660 55708 203074 59974 59033
56000 16443 13793 3400 5250 8693 12472 48000 44000 40000 36000 32000 28000 24000 20000 16000 12000 8000 4000 0 4000 8000 12000 56103 52111 48120 44131 40144 36160 32180 28206 24240 20287 16357 12472 8693 5250 3400 5250 56411 52443 48479 44522 40574 36637 32715 28814 24945 21124 17385 13793 10500 7889 6800 56921 52991 49072 45167 41280 37417 18975 15749 12963 10956 20999 18137 15778 14176 20809 18788 23668 21913 26654 29729 32869 36056 81282 43825 169143 47007 240026 50217 272083 116496 298206 183319 320009 61162 246178
60000 12443 10500 5250 3400 5250 8693 52000 48000 44000 40000 36000 32000 28000 24000 20000 16000 12000 8000 4000 0 4000 8000 60096 56103 52111 48120 44131 40144 36160 32180 28206 24240 20287 16357 12472 8693 5250 3400 60384 56411 52443 48479 44522 40574 36637 32715 28814 24945 21124 17385 13793 10500 7889 60861 56921 52991 49072 45167 41280 22451 18975 15749 12963 24186 20999 18137 15778 23345 20809 25926 23668 28678 31557 113227 189335 246596 175113 304323 221926 331914 268539 357520 315279 381648 338168 404605 286891 359710
64000 8443 7889 8693 5250 3400 5250 56000 52000 48000 44000 40000 36000 32000 28000 24000 20000 16000 12000 8000 4000 0 4000 64090 60096 56103 52111 48120 44131 40144 36160 32180 28206 24240 20287 16357 12472 8693 5250 64360 60384 56411 52443 48479 44522 40574 36637 32715 28814 24945 21124 17385 13793 10500 64808 60861 56921 52991 49072 60138 26078 22451 18975 15749 27586 24186 20999 28585 26249 23345 28569 139494 115108 181633 237201 278265 322207 286154 359468 323027 383092 360336 406136 380751 428651 400745 450671 381231 420355
68000 4443 6800 12472 8693 5250 3400 60000 56000 52000 48000 44000 40000 36000 32000 28000 24000 20000 16000 12000 8000 4000 0 68085 64090 60096 56103 52111 48120 44131 40144 36160 32180 28206 24240 20287 16357 12472 8693 68339 64360 60384 56411 52443 48479 44522 40574 36637 32715 28814 24945 21124 17385 13793 68761 64808 60861 56921 52991 80309 29800 26078 22451 18975 31128 27586 33624 136196 59181 141445 146695 211557 206185 264486 299380 335540 374648 353468 403675 387968 426017 411564 448216 431145 470230 450631 492027 436960 469995
3400 72523 259183 65979 60384 64360 68339 8693 12472 16357 20287 24240 28206 32180 36160 40144 44131 48120 52111 56103 60096 64090 68085 0 4000 8000 12000 16000 20000 24000 28000 32000 36000 40000 44000 48000 52000 56000 60000 3400 5250 8693 12472 16357 20287 24240 28206 32180 36160 40144 44131 48120 52111 56103 6800 7889 10500 13793 17385 21124 113750 97797 48479 52443 172567 161232 152150 144812 211462 199388 244083 234729 275050 304655 327926 348293 368359 404683 388288 426322 408171 447981 428056 471686 447964 492912 469848 540812 513327
5250 68527 231501 52443 56411 60384 64360 5250 8693 12472 16357 20287 24240 28206 32180 36160 40144 44131 48120 52111 56103 60096 64090 4000 0 4000 8000 12000 16000 20000 24000 28000 32000 36000 40000 44000 48000 52000 56000 5250 3400 5250 8693 12472 16357 20287 24240 28206 32180 36160 40144 44131 48120 52111 7889 6800 7889 10500 13793 17385 105931 62109 44522 48479 162800 150417 140708 133001 199455 185970 230040 220800 260008 289022 312336 332486 352460 390959 372378 412848 392297 434754 412240 454196 432208 471714 451859 515246 489056
8693 64533 199274 48479 52443 56411 60384 3400 5250 8693 12472 16357 20287 24240 28206 32180 36160 40144 44131 48120 52111 56103 60096 8000 4000 0 4000 8000 12000 16000 20000 24000 28000 32000 36000 40000 44000 48000 52000 8693 5250 3400 5250 8693 12472 16357 20287 24240 28206 32180 36160 40144 44131 48120 10500 7889 6800 7889 10500 13793 97496 36637 40574 44522 152354 138684 128266 120184 186122 171418 216321 206371 244428 272995 296600 316633 336593 377882 356552 400064 376535 422230 396540 442166 416550 459748 436546 506968 477085
12472 60539 159040 44522 48479 52443 56411 5250 3400 5250 8693 12472 16357 20287 24240 28206 32180 36160 40144 44131 48120 52111 56103 12000 8000 4000 0 4000 8000 12000 16000 20000 24000 28000 32000 36000 40000 44000 48000 12472 8693 5250 3400 5250 8693 12472 16357 20287 24240 28206 32180 36160 40144 44131 13793 10500 7889 6800 7889 10500 88267 32715 36637 40574 141101 125791 114568 106116 171648 155435 201941 191020 229250 256814 280805 300818 320826 365678 340856 388159 360900 410554 380937 431035 400937 448583 420871 500128 465803
16357 56545 102246 40574 44522 48479 52443 8693 5250 3400 5250 8693 12472 16357 20287 24240 28206 32180 36160 40144 44131 48120 52111 16000 12000 8000 4000 0 4000 8000 12000 16000 20000 24000 28000 32000 36000 40000 44000 16357 12472 8693 5250 3400 5250 8693 12472 16357 20287 24240 28206 32180 36160 40144 17385 13793 10500 7889 6800 7889 35445 28814 32715 36637 128865 111366 99228 47917 155681 137558 186776 174577 213649 241224 266019 285723 305517 354606 325366 377329 345351 399856 365337 420932 385218 438284 404963 494923 455208
20287 52553 49072 36637 40574 44522 48479 12472 8693 5250 3400 5250 8693 12472 16357 20287 24240 28206 32180 36160 40144 44131 48120 20000 16000 12000 8000 4000 0 4000 8000 12000 16000 20000 24000 28000 32000 36000 40000 20287 16357 12472 8693 5250 3400 5250 8693 12472 16357 20287 24240 28206 32180 36160 21124 17385 13793 10500 7889 6800 21124 24945 28814 32715 115362 92610 47749 33586 137557 116990 170706 155584 197348 225145 251688 271528 291408 346089 311263 368756 331032 391094 350665 412736 370120 429550 389363 491929 445842
24240 48562 45167 32715 36637 40574 44522 16357 12472 8693 5250 3400 5250 8693 12472 16357 20287 24240 28206 32180 36160 40144 44131 24000 20000 16000 12000 8000 4000 0 4000 8000 12000 16000 20000 24000 28000 32000 36000 24240 20287 16357 12472 8693 5250 3400 5250 8693 12472 16357 20287 24240 28206 32180 24945 21124 17385 13793 10500 7889 17385 21124 24945 28814 93064 46835 26078 29800 112881 75840 153472 127755 180064 208250 237572 257473 277290 339558 296945 362012 316378 383937 335546 405321 354417 422446 372968 492182 437832
28206 44573 41280 28814 32715 36637 40574 20287 16357 12472 8693 5250 3400 5250 8693 12472 16357 20287 24240 28206 32180 36160 40144 28000 24000 20000 16000 12000 8000 4000 0 4000 8000 12000 16000 20000 24000 28000 32000 28206 24240 20287 16357 12472 8693 5250 3400 5250 8693 12472 16357 20287 24240 28206 28814 24945 21124 17385 13793 10500 13793 17385 21124 24945 57728 18975 22451 26078 62978 24186 121067 68228 152689 184422 217268 242011 262630 334914 281678 356524 300330 377377 318567 397499 336375 415808 353752 494613 429749
32180 40586 37417 24945 28814 32715 36637 24240 20287 16357 12472 8693 5250 3400 5250 8693 12472 16357 20287 24240 28206 32180 36160 32000 28000 24000 20000 16000 12000 8000 4000 0 4000 8000 12000 16000 20000 24000 28000 32180 28206 24240 20287 16357 12472 8693 5250 3400 5250 8693 12472 16357 20287 24240 32715 28814 24945 21124 17385 13793 10500 13793 17385 21124 12963 15749 18975 22451 18137 20999 39608 23345 111599 142499 175164 208748 228072 317491 246597 337460 264387 356384 281494 374357 297964 391460 313838 487864 407638
36160 36601 33586 21124 24945 28814 32715 28206 24240 20287 16357 12472 8693 5250 3400 5250 8693 12472 16357 20287 24240 28206 32180 36000 32000 28000 24000 20000 16000 12000 8000 4000 0 4000 8000 12000 16000 20000 24000 36160 32180 28206 24240 20287 16357 12472 8693 5250 3400 5250 8693 12472 16357 20287 36637 32715 28814 24945 21124 17385 7889 10500 13793 17385 10956 12963 15749 18975 15778 18137 18788 20809 21913 25109 59546 102322 146136 290250 180010 306411 198353 321308 215115 335130 230633 348028 245132 475797 360123
40144 32621 29800 17385 21124 24945 28814 32180 28206 24240 20287 16357 12472 8693 5250 3400 5250 8693 12472 16357 20287 24240 28206 40000 36000 32000 28000 24000 20000 16000 12000 8000 4000 0 4000 8000 12000 16000 20000 40144 36160 32180 28206 24240 20287 16357 12472 8693 5250 3400 5250 8693 12472 16357 40574 36637 32715 28814 24945 21124 6800 7889 10500 13793 10200 10956 12963 15749 14176 15778 17464 18788 20788 24134 27493 30860 34234 213186 37613 216586 40996 219986 44381 223386 47768 226786 51157 422816 230186
44131 28646 26078 13793 17385 21124 24945 36160 32180 28206 24240 20287 16357 12472 8693 5250 3400 5250 8693 12472 16357 20287 24240 44000 40000 36000 32000 28000 24000 20000 16000 12000 8000 4000 0 4000 8000 12000 16000 44131 40144 36160 32180 28206 24240 20287 16357 12472 8693 5250 3400 5250 8693 12472 44522 40574 36637 32715 28814 24945 7889 6800 7889 10500 10956 10200 10956 12963 13600 14176 17000 17464 20400 23800 27200 30600 34000 37613 37400 40996 40800 44381 44200 47768 47600 51157 51000 321719 54547
48120 24678 22451 10500 13793 17385 21124 40144 36160 32180 28206 24240 20287 16357 12472 8693 5250 3400 5250 8693 12472 16357 20287 48000 44000 40000 36000 32000 28000 24000 20000 16000 12000 8000 4000 0 4000 8000 12000 48120 44131 40144 36160 32180 28206 24240 20287 16357 12472 8693 5250 3400 5250 8693 48479 44522 40574 36637 32715 32475 10500 7889 6800 7889 12963 10956 10200 10956 14176 13600 17464 17000 20788 24134 27493 30860 34234 38246 37613 41577 40996 44918 44381 48268 47768 51624 51157 71368 54985
52111 20724 18975 7889 10500 13793 17385 44131 40144 36160 32180 28206 24240 20287 16357 12472 8693 5250 3400 5250 8693 12472 16357 52000 48000 44000 40000 36000 32000 28000 24000 20000 16000 12000 8000 4000 0 4000 8000 52111 48120 44131 40144 36160 32180 28206 24240 20287 16357 12472 8693 5250 3400 5250 52443 48479 44522 40574 36637 63952 13793 10500 7889 6800 15749 12963 10956 10200 15778 14176 18788 17464 21913 25109 28352 31628 34928 39278 38246 42528 41577 45800 147607 49089 193128 52393 214575 56704 55708
56103 16791 15749 6800 7889 10500 13793 48120 44131 40144 36160 32180 28206 24240 20287 16357 12472 8693 5250 3400 5250 8693 12472 56000 52000 48000 44000 40000 36000 32000 28000 24000 20000 16000 12000 8000 4000 0 4000 56103 52111 48120 44131 40144 36160 32180 28206 24240 20287 16357 12472 8693 5250 3400 56411 52443 48479 44522 46991 84052 17385 13793 10500 7889 18975 15749 12963 10956 18137 15778 20809 18788 23668 26654 29729 48853 145649 40679 222629 59810 265345 136417 289171 197981 311517 253624 332657 134599 279521
60096 12899 12963 7889 6800 7889 10500 52111 48120 44131 40144 36160 32180 28206 24240 20287 16357 12472 8693 5250 3400 5250 8693 60000 56000 52000 48000 44000 40000 36000 32000 28000 24000 20000 16000 12000 8000 4000 0 60096 56103 52111 48120 44131 40144 36160 32180 28206 24240 20287 16357 12472 8693 5250 60384 56411 52443 48479 66550 99285 21124 17385 13793 10500 22451 18975 15749 12963 20999 18137 23345 63873 25926 112236 202828 241719 285076 242103 327878 276211 350147 313637 371856 342704 393025 361104 413671 336871 379150
6800 72762 100477 56921 60861 64808 68761 10500 13793 17385 21124 24945 28814 32715 36637 40574 44522 48479 52443 56411 60384 64360 68339 3400 5250 8693 12472 16357 20287 24240 28206 32180 36160 40144 44131 48120 52111 56103 60096 0 4000 8000 12000 16000 20000 24000 28000 32000 36000 40000 44000 48000 52000 56000 3400 5250 8693 12472 16357 20287 134780 132823 131755 131387 193864 187855 183320 179939 236458 229959 268199 262221 296898 324174 344830 363358 381781 423196 402678 449168 428446 473800 452327 494805 475063 513862 495397 555626 532436
7889 68780 65429 52991 56921 60861 64808 7889 10500 13793 17385 21124 24945 28814 32715 36637 40574 44522 48479 52443 56411 60384 64360 5250 3400 5250 8693 12472 16357 20287 24240 28206 32180 36160 40144 44131 48120 52111 56103 4000 0 4000 8000 12000 16000 20000 24000 28000 32000 36000 40000 44000 48000 52000 5250 3400 5250 8693 12472 16357 128013 125756 124512 124050 184377 177841 173016 169491 223616 216149 253465 247189 280877 307369 327896 346182 364529 398335 383038 419109 401746 440082 420651 458592 439733 476467 458027 522732 495629
10500 64801 61522 49072 52991 56921 60861 6800 7889 10500 13793 17385 21124 24945 28814 32715 36637 40574 44522 48479 52443 56411 60384 8693 5250 3400 5250 8693 12472 16357 20287 24240 28206 32180 36160 40144 44131 48120 52111 8000 4000 0 4000 8000 12000 16000 20000 24000 28000 32000 36000 40000 44000 48000 8693 5250 3400 5250 8693 12472 120716 118139 116731 111682 174090 166944 161819 158176 210096 202101 237876 231222 264121 289993 310644 328826 347211 383616 365839 404810 384703 426173 403770 445274 422996 462396 442336 506785 479373
13793 60824 57628 45167 49072 52991 56921 7889 6800 7889 10500 13793 17385 21124 24945 28814 32715 36637 40574 44522 48479 52443 56411 12472 8693 5250 3400 5250 8693 12472 16357 20287 24240 28206 32180 36160 40144 44131 48120 12000 8000 4000 0 4000 8000 12000 16000 20000 24000 28000 32000 36000 40000 44000 12472 8693 5250 3400 5250 8693 112718 109811 108266 95032 162821 154941 149512 145796 196429 186916 221347 214657 246594 272056 293157 311383 329916 369714 348733 391375 367784 413130 387009 432884 406348 450116 425744 498921 467102
17385 56851 53749 41280 45167 49072 52991 10500 7889 6800 7889 10500 13793 17385 21124 24945 28814 32715 36637 40574 44522 48479 52443 16357 12472 8693 5250 3400 5250 8693 12472 16357 20287 24240 28206 32180 36160 40144 44131 16000 12000 8000 4000 0 4000 8000 12000 16000 20000 24000 28000 32000 36000 40000 16357 12472 8693 5250 3400 5250 103766 100532 90538 74195 150327 141520 135793 132080 180747 170063 205013 197678 228767 253598 275556 293968 312733 356936 331771 379052 350994 401132 370322 421591 389685 438782 409021 492812 455609
21124 52882 49889 37417 41280 45167 49072 13793 10500 7889 6800 7889 10500 13793 17385 21124 24945 28814 32715 36637 40574 44522 48479 20287 16357 12472 8693 5250 3400 5250 8693 12472 16357 20287 24240 28206 32180 36160 40144 20000 16000 12000 8000 4000 0 4000 8000 12000 16000 20000 24000 28000 32000 36000 20287 16357 12472 8693 5250 3400 93463 89938 62034 46348 136276 126211 120219 116644 162955 151013 187566 179238 210938 235974 259132 277622 296480 346070 315565 368428 334757 390580 353959 411740 373096 428584 392108 488692 444940
24945 48918 46054 33586 37417 41280 45167 17385 13793 10500 7889 6800 7889 10500 13793 17385 21124 24945 28814 32715 36637 40574 44522 24240 20287 16357 12472 8693 5250 3400 5250 8693 12472 16357 20287 24240 28206 32180 36160 24000 20000 16000 12000 8000 4000 0 4000 8000 12000 16000 20000 24000 28000 32000 24240 20287 16357 12472 8693 5250 81138 41822 24240 28206 120173 108239 102095 98918 142444 128865 168772 158974 192098 217639 243192 262029 281091 338192 300216 360606 319283 382572 338202 404051 356910 420821 375363 488467 436384
28814 44960 42249 29800 33586 37417 41280 21124 17385 13793 10500 7889 6800 7889 10500 13793 17385 21124 24945 28814 32715 36637 40574 28206 24240 20287 16357 12472 8693 5250 3400 5250 8693 12472 16357 20287 24240 28206 32180 28000 24000 20000 16000 12000 8000 4000 0 4000 8000 12000 16000 20000 24000 28000 28206 24240 20287 16357 12472 8693 22972 16357 20287 24240 101073 83918 65555 35445 117270 101821 148223 129806 171762 197969 226711 246474 265438 332504 284221 354351 302725 375465 320891 395855 338681 413714 356074 490720 427917
32715 41011 38483 26078 29800 33586 37417 24945 21124 17385 13793 10500 7889 6800 7889 10500 13793 17385 21124 24945 28814 32715 36637 32180 28206 24240 20287 16357 12472 8693 5250 3400 5250 8693 12472 16357 20287 24240 28206 32000 28000 24000 20000 16000 12000 8000 4000 0 4000 8000 12000 16000 20000 24000 32180 28206 24240 20287 16357 12472 8693 12472 16357 20287 52479 18991 17385 21124 57728 34094 106918 62978 132734 160489 190606 217636 236209 318011 254192 338171 271583 357287 288387 375443 304623 392716 320311 485307 407981
36637 37072 34770 22451 26078 29800 33586 28814 24945 21124 17385 13793 10500 7889 6800 7889 10500 13793 17385 21124 24945 28814 32715 36160 32180 28206 24240 20287 16357 12472 8693 5250 3400 5250 8693 12472 16357 20287 24240 36000 32000 28000 24000 20000 16000 12000 8000 4000 0 4000 8000 12000 16000 20000 36160 32180 28206 24240 26704 47595 5250 8693 12472 16357 7889 10500 13793 17385 12963 15749 15778 18137 18788 66213 107732 145228 184003 294993 201846 311006 218162 325764 233311 339174 247514 351715 260916 472397 363493
40574 33148 31128 18975 22451 26078 29800 32715 28814 24945 21124 17385 13793 10500 7889 6800 7889 10500 13793 17385 21124 24945 28814 40144 36160 32180 28206 24240 20287 16357 12472 8693 5250 3400 5250 8693 12472 16357 20287 40000 36000 32000 28000 24000 20000 16000 12000 8000 4000 0 4000 8000 12000 16000 40144 36865 40735 47257 58384 78998 3400 5250 8693 12472 6800 7889 10500 13793 10956 12963 14176 15778 17464 20788 24134 27493 30860 209786 34234 213186 37613 216586 40996 219986 44381 223386 47768 415979 226786
44522 29245 27586 15749 18975 22451 26078 36637 32715 28814 24945 21124 17385 13793 10500 7889 6800 7889 10500 13793 17385 21124 24945 44131 40144 36160 32180 28206 24240 20287 16357 12472 8693 5250 3400 5250 8693 12472 16357 44000 40000 36000 32000 28000 24000 20000 16000 12000 8000 4000 0 4000 8000 12000 53811 56916 61735 69067 80358 98596 5250 3400 5250 8693 7889 6800 7889 10500 10200 10956 13600 14176 17000 20400 23800 27200 30600 34234 34000 37613 37400 40996 40800 44381 44200 47768 47600 304433 51157
48479 25371 24186 12963 15749 18975 22451 40574 36637 32715 28814 24945 21124 17385 13793 10500 7889 6800 7889 10500 13793 17385 21124 48120 44131 40144 36160 32180 28206 24240 20287 16357 12472 8693 5250 3400 5250 8693 12472 48000 44000 40000 36000 32000 28000 24000 20000 16000 12000 8000 4000 0 4000 8000 70341 73930 79137 86605 97399 113460 8693 5250 3400 5250 10500 7889 6800 7889 10956 10200 14176 13600 17464 20788 24134 27493 30860 34928 34234 38246 37613 41577 40996 44918 44381 48268 47768 52393 51624
52443 21544 20999 10956 12963 15749 18975 44522 40574 36637 32715 28814 24945 21124 17385 13793 10500 7889 6800 7889 10500 13793 17385 52111 48120 44131 40144 36160 32180 28206 24240 20287 16357 12472 8693 5250 3400 5250 8693 52000 48000 44000 40000 36000 32000 28000 24000 20000 16000 12000 8000 4000 0 4000 84929 88743 94048 101359 111475 125731 12472 8693 5250 3400 13793 10500 7889 6800 12963 10956 15778 14176 18788 21913 25109 28352 31628 36056 34928 39278 80656 42528 184547 45800 207604 49089 228498 53451 52393
56411 21198 18137 10200 10956 12963 15749 48479 44522 40574 36637 32715 28814 24945 21124 17385 13793 10500 7889 6800 7889 10500 13793 56103 52111 48120 44131 40144 36160 32180 28206 24240 20287 16357 12472 8693 5250 3400 5250 56000 52000 48000 44000 40000 36000 32000 28000 24000 20000 16000 12000 8000 4000 0 98014 101898 107144 114166 123580 136345 16357 12472 8693 5250 17385 13793 10500 7889 15749 12963 18137 15778 20809 23668 26654 150944 199927 136811 255672 172983 285004 210883 307040 252603 327959 286037 347941 221839 303994
10200 73158 70093 57628 61522 65429 69347 12963 15749 18975 22451 26078 29800 33586 37417 41280 45167 49072 52991 56921 60861 64808 68761 6800 7889 10500 13793 17385 21124 24945 28814 32715 36637 40574 44522 48479 52443 56411 60384 3400 5250 8693 12472 16357 20287 24240 28206 32180 36160 40144 53811 70341 84929 98014 0 4000 8000 12000 16000 20000 166533 170533 174533 178533 229414 228240 227837 228042 273101 271980 301053 298537 325976 349714 391822 418749 439461 469081 458032 488367 475892 507768 493617 524470 511451 540194 527296 574194 556037
10956 69199 66219 53749 57628 61522 65429 10956 12963 15749 18975 22451 26078 29800 33586 37417 41280 45167 49072 52991 56921 60861 64808 7889 6800 7889 10500 13793 17385 21124 24945 28814 32715 36637 40574 44522 48479 52443 56411 5250 3400 5250 8693 12472 16357 20287 24240 28206 32180 36865 56916 73930 88743 101898 4000 0 4000 8000 12000 16000 162533 166533 170533 174533 220499 219241 218842 219103 260603 259599 285923 283436 309074 331715 348430 363997 380028 417947 402333 440014 423196 461680 443308 480425 463078 497642 481188 537045 514708
12963 65245 62362 49889 53749 57628 61522 10200 10956 12963 15749 18975 22451 26078 29800 33586 37417 41280 45167 49072 52991 56921 60861 10500 7889 6800 7889 10500 13793 17385 21124 24945 28814 32715 36637 40574 44522 48479 52443 8693 5250 3400 5250 8693 12472 16357 20287 24240 28206 40735 61735 79137 94048 107144 8000 4000 0 4000 8000 12000 158533 162533 166533 170533 210708 209407 209068 209445 247027 245984 269684 267231 291172 312897 329511 344946 361051 391748 377788 411523 395085 431739 412854 449739 431004 466184 448784 507357 482626
15749 61298 58523 46054 49889 53749 57628 10956 10200 10956 12963 15749 18975 22451 26078 29800 33586 37417 41280 45167 49072 52991 56921 13793 10500 7889 6800 7889 10500 13793 17385 21124 24945 28814 32715 36637 40574 44522 48479 12472 8693 5250 3400 5250 8693 12472 16357 20287 24240 47257 69067 86605 101359 114166 12000 8000 4000 0 4000 8000 154533 158533 162533 166533 199784 198507 198315 198895 232161 230638 252182 249749 272185 293240 310101 325616 341961 375837 359013 396274 376639 417073 394712 435865 413118 452591 431759 498283 469196
18975 57357 54708 42249 46054 49889 53749 12963 10956 10200 10956 12963 15749 18975 22451 26078 29800 33586 37417 41280 45167 49072 52991 17385 13793 10500 7889 6800 7889 10500 13793 17385 21124 24945 28814 32715 36637 46991 66550 16357 12472 8693 5250 3400 5250 8693 12472 16357 26704 58384 80358 97399 111475 123580 16000 12000 8000 4000 0 4000 150533 154533 158533 162533 187363 186216 186306 187255 215735 213602 233240 230781 252031 272745 290309 306133 322880 360992 340341 382137 358331 403497 376691 423146 395293 440022 414032 491089 456632
22451 97255 50922 38483 42249 46054 49889 15749 12963 10956 10200 10956 12963 15749 18975 22451 26078 29800 33586 37417 41280 60138 80309 21124 17385 13793 10500 7889 6800 7889 10500 13793 17385 21124 24945 32475 63952 84052 99285 20287 16357 12472 8693 5250 3400 5250 8693 12472 47595 78998 98596 113460 125731 136345 20000 16000 12000 8000 4000 0 146533 150533 154533 158533 173577 172908 173651 175241 197623 194773 212654 210102 230636 251431 270306 286661 303929 347648 321828 369440 340136 391224 358680 411782 377329 428568 395982 486067 444923
83710 34009 32757 20999 24186 27586 31128 33586 29800 26078 22451 18975 15749 12963 10956 10200 10956 12963 15749 18975 22451 26078 29800 113750 105931 97496 88267 35445 21124 17385 13793 10500 7889 6800 7889 10500 13793 17385 21124 134780 128013 120716 112718 103766 93463 81138 22972 8693 5250 3400 5250 8693 12472 16357 166533 162533 158533 154533 150533 146533 0 4000 8000 12000 3400 5250 8693 12472 7889 10500 10956 12963 14176 17464 20788 24134 27493 206386 30860 209786 34234 213186 37613 216586 40996 219986 44381 408676 223386
45167 30217 29411 18137 20999 24186 27586 37417 33586 29800 26078 22451 18975 15749 12963 10956 10200 10956 12963 15749 18975 22451 26078 97797 62109 36637 32715 28814 24945 21124 17385 13793 10500 7889 6800 7889 10500 13793 17385 132823 125756 118139 109811 100532 89938 41822 16357 12472 8693 5250 3400 5250 8693 12472 170533 166533 162533 158533 154533 150533 4000 0 4000 8000 5250 3400 5250 8693 6800 7889 10200 10956 13600 17000 20400 23800 27200 30860 30600 34234 34000 37613 37400 40996 40800 44381 44200 273091 47768
49072 33535 26249 15778 18137 20999 24186 41280 37417 33586 29800 26078 22451 18975 15749 12963 10956 10200 10956 12963 15749 18975 22451 48479 44522 40574 36637 32715 28814 24945 21124 17385 13793 10500 7889 6800 7889 10500 13793 131755 124512 116731 108266 90538 62034 24240 20287 16357 12472 8693 5250 3400 5250 8693 174533 170533 166533 162533 158533 154533 8000 4000 0 4000 8693 5250 3400 5250 7889 6800 10956 10200 14176 17464 20788 24134 27493 31628 30860 34928 34234 38246 37613 41577 40996 44918 44381 49089 48268
52991 122246 23345 14176 15778 18137 20999 45167 41280 37417 33586 29800 26078 22451 18975 15749 12963 10956 10200 10956 12963 15749 18975 52443 48479 44522 40574 36637 32715 28814 24945 21124 17385 13793 10500 7889 6800 7889 10500 131387 124050 111682 95032 74195 46348 28206 24240 20287 16357 12472 8693 5250 3400 5250 178533 174533 170533 166533 162533 158533 12000 8000 4000 0 12472 8693 5250 3400 10500 7889 12963 10956 15778 18788 21913 25109 28352 32869 79810 36056 175618 39278 204245 42528 225946 71679 245663 50217 122670
157400 44163 34643 23345 26249 29411 32757 137558 126663 114865 90167 62978 27673 15778 14176 13600 14176 15778 18137 20999 24186 27586 31128 172567 162800 152354 141101 128865 115362 93064 57728 12963 10956 10200 10956 12963 15749 18975 22451 193864 184377 174090 162821 150327 136276 120173 101073 52479 7889 6800 7889 10500 13793 17385 229414 220499 210708 199784 187363 173577 3400 5250 8693 12472 0 4000 8000 12000 5250 8693 7889 10500 10956 14176 17464 20788 24134 202986 27493 206386 30860 209786 34234 213186 37613 216586 40996 400799 219986
140653 123131 31499 20809 23345 26249 29411 117077 101303 65380 32783 24186 20999 18137 15778 14176 13600 14176 15778 18137 20999 24186 27586 161232 150417 138684 125791 111366 92610 46835 18975 15749 12963 10956 10200 10956 12963 15749 18975 187855 177841 166944 154941 141520 126211 108239 83918 18991 10500 7889 6800 7889 10500 13793 228240 219241 209407 198507 186216 172908 5250 3400 5250 8693 4000 0 4000 8000 3400 5250 6800 7889 10200 13600 17000 20400 23800 27493 27200 30860 30600 34234 34000 37613 37400 40996 40800 187560 44381
127040 149506 28569 18788 20809 23345 26249 86679 44731 34770 31128 27586 24186 20999 18137 15778 14176 13600 14176 15778 18137 20999 33624 152150 140708 128266 114568 99228 47749 26078 22451 18975 15749 12963 10956 10200 10956 12963 15749 183320 173016 161819 149512 135793 120219 102095 65555 17385 13793 10500 7889 6800 7889 10500 227837 218842 209068 198315 186306 173651 8693 5250 3400 5250 8000 4000 0 4000 5250 3400 7889 6800 10956 14176 17464 20788 24134 28352 27493 31628 30860 34928 34234 38246 37613 41577 40996 45800 44918
115804 194551 25926 17464 18788 20809 70815 46054 42249 38483 34770 31128 27586 24186 20999 18137 15778 14176 13600 14176 15778 28585 136196 144812 133001 120184 106116 47917 33586 29800 26078 22451 18975 15749 12963 10956 10200 10956 12963 179939 169491 158176 145796 132080 116644 98918 35445 21124 17385 13793 10500 7889 6800 7889 228042 219103 209445 198895 187255 175241 12472 8693 5250 3400 12000 8000 4000 0 8693 5250 10500 7889 12963 15778 18788 37897 98146 29729 154967 48853 210860 92284 231268 129091 249945 169143 267346 94438 218603
192761 171714 33800 23668 25926 28569 31499 166981 152379 135969 109188 68228 23345 20809 18788 17464 17000 17464 18788 20809 23345 26249 59181 211462 199455 186122 171648 155681 137557 112881 62978 18137 15778 14176 13600 14176 15778 18137 20999 236458 223616 210096 196429 180747 162955 142444 117270 57728 12963 10956 10200 10956 12963 15749 273101 260603 247027 232161 215735 197623 7889 6800 7889 10500 5250 3400 5250 8693 0 4000 3400 5250 6800 10200 13600 17000 20400 24134 23800 27493 27200 30860 30600 34234 34000 37613 37400 126479 40996
175402 210834 31088 21913 23668 25926 35482 146250 129339 104428 61237 29411 26249 23345 20809 18788 17464 17000 17464 18788 20809 23345 141445 199388 185970 171418 155435 137558 116990 75840 24186 20999 18137 15778 14176 13600 14176 15778 18137 229959 216149 202101 186916 170063 151013 128865 101821 34094 15749 12963 10956 10200 10956 12963 271980 259599 245984 230638 213602 194773 10500 7889 6800 7889 8693 5250 3400 5250 4000 0 5250 3400 7889 10956 14176 17464 20788 25109 24134 28352 27493 31628 30860 34928 34234 38246 37613 42528 41577
226730 222815 36275 26654 28678 31088 33800 201359 187853 173700 158722 132247 88045 23668 21913 20788 20400 20788 21913 23668 25926 28569 146695 244083 230040 216321 201941 186776 170706 153472 121067 39608 18788 17464 17000 17464 18788 20809 23345 268199 253465 237876 221347 205013 187566 168772 148223 106918 15778 14176 13600 14176 15778 18137 301053 285923 269684 252182 233240 212654 10956 10200 10956 12963 7889 6800 7889 10500 3400 5250 0 4000 3400 6800 10200 13600 17000 20788 20400 24134 23800 27493 27200 30860 30600 34234 34000 72359 37613
215063 259320 128749 25109 26654 31402 164325 187677 172767 153558 124167 73478 28569 25926 23668 21913 20788 20400 20788 21913 23668 139494 211557 234729 220800 206371 191020 174577 155584 127755 68228 23345 20809 18788 17464 17000 17464 18788 63873 262221 247189 231222 214657 197678 179238 158974 129806 62978 18137 15778 14176 13600 14176 15778 298537 283436 267231 249749 230781 210102 12963 10956 10200 10956 10500 7889 6800 7889 5250 3400 4000 0 5250 7889 10956 14176 17464 21913 20788 25109 24134 28352 27493 31628 30860 34928 52054 39278 38246
258319 265363 38889 29729 31557 33762 143119 231022 217064 202598 187445 168267 134044 39685 25109 24134 23800 24134 25109 26654 28678 115108 206185 275050 260008 244428 229250 213649 197348 180064 152689 111599 21913 20788 20400 20788 21913 23668 25926 296898 280877 264121 246594 228767 210938 192098 171762 132734 18788 17464 17000 17464 18788 20809 325976 309074 291172 272185 252031 230636 14176 13600 14176 15778 10956 10200 10956 12963 6800 7889 3400 5250 0 3400 6800 10200 13600 17464 17000 20788 20400 24134 23800 27493 27200 30860 30600 34928 34234
289524 308121 170198 32869 34531 81320 215504 260528 246474 232068 217122 201074 168378 126967 28352 27493 27200 27493 28352 29729 31557 181633 264486 304655 289022 272995 256814 241224 225145 208250 184422 142499 25109 24134 23800 24134 25109 26654 112236 324174 307369 289993 272056 253598 235974 217639 197969 160489 66213 20788 20400 20788 21913 23668 349714 331715 312897 293240 272745 251431 17464 17000 17464 18788 14176 13600 14176 15778 10200 10956 6800 7889 3400 0 3400 6800 10200 14176 13600 17464 17000 20788 20400 24134 23800 27493 27200 31628 30860
314804 340033 239760 36056 37577 210717 265931 286055 272542 259464 246575 232594 203524 161273 31628 30860 30600 30860 31628 32869 113227 237201 299380 327926 312336 296600 280805 266019 251688 237572 217268 175164 59546 27493 27200 27493 28352 29729 202828 344830 327896 310644 293157 275556 259132 243192 226711 190606 107732 24134 23800 24134 25109 26654 391822 348430 329511 310101 290309 270306 20788 20400 20788 21913 17464 17000 17464 18788 13600 14176 10200 10956 6800 3400 0 3400 6800 10956 10200 14176 13600 17464 17000 20788 20400 24134 23800 28352 27493
336462 374185 286154 39278 148445 255454 308968 307347 293253 280171 267250 254363 232564 197925 64253 34234 34000 34234 34928 36056 189335 278265 335540 348293 332486 316633 300818 285723 271528 257473 242011 208748 102322 30860 30600 30860 31628 48853 241719 363358 346182 328826 311383 293968 277622 262029 246474 217636 145228 27493 27200 27493 28352 150944 418749 363997 344946 325616 306133 286661 24134 23800 24134 25109 20788 20400 20788 37897 17000 17464 13600 14176 10200 6800 3400 0 3400 7889 6800 10956 10200 14176 13600 17464 17000 20788 20400 25109 24134
357710 410794 334162 42528 210883 302988 353703 328402 313928 300774 287769 274606 253992 221612 110157 37613 37400 37613 38246 81282 246596 322207 374648 368359 352460 336593 320826 305517 291408 277290 262630 228072 146136 34234 34000 34234 34928 145649 285076 381781 364529 347211 329916 312733 296480 281091 265438 236209 184003 30860 30600 30860 31628 199927 439461 380028 361051 341961 322880 303929 27493 27200 27493 28352 24134 23800 24134 98146 20400 20788 17000 17464 13600 10200 6800 3400 0 5250 3400 7889 6800 10956 10200 14176 13600 17464 17000 21913 20788
397968 399347 294044 47007 48514 256216 322707 373955 363188 353959 346932 341451 336388 317632 287051 216586 40996 41577 42528 43825 175113 286154 353468 404683 390959 377882 365678 354606 346089 339558 334914 317491 290250 213186 37613 38246 39278 40679 242103 423196 398335 383616 369714 356936 346070 338192 332504 318011 294993 209786 34234 34928 36056 136811 469081 417947 391748 375837 360992 347648 206386 30860 31628 32869 202986 27493 28352 29729 24134 25109 20788 21913 17464 14176 10956 7889 5250 0 4000 3400 5250 6800 7889 10200 10956 13600 14176 17464 17000
378702 435531 373622 120654 276458 346121 388608 349301 334791 321267 308106 294554 274625 240387 161189 40996 40800 40996 41577 169143 304323 359468 403675 388288 372378 356552 340856 325366 311263 296945 281678 246597 180010 37613 37400 37613 38246 222629 327878 402678 383038 365839 348733 331771 315565 300216 284221 254192 201846 34234 34000 34234 34928 255672 458032 402333 377788 359013 340341 321828 30860 30600 30860 79810 27493 27200 27493 154967 23800 24134 20400 20788 17000 13600 10200 6800 3400 4000 0 5250 3400 7889 6800 10956 10200 14176 13600 18788 17464
420488 429115 335480 50217 171211 295649 361592 396819 386207 376834 369729 363823 358590 337325 303145 219986 44381 44918 45800 47007 221926 323027 387968 426322 412848 400064 388159 377329 368756 362012 356524 337460 306411 216586 40996 41577 42528 59810 276211 449168 419109 404810 391375 379052 368428 360606 354351 338171 311006 213186 37613 38246 39278 172983 488367 440014 411523 396274 382137 369440 209786 34234 34928 36056 206386 30860 31628 48853 27493 28352 24134 25109 20788 17464 14176 10956 7889 3400 5250 0 4000 3400 5250 6800 7889 10200 10956 14176 13600
399530 457461 399732 215350 309864 370896 413480 370083 355526 341632 328234 314182 294546 258365 182717 44381 44200 44381 44918 240026 331914 383092 426017 408171 392297 376535 360900 345351 331032 316378 300330 264387 198353 40996 40800 40996 41577 265345 350147 428446 401746 384703 367784 350994 334757 319283 302725 271583 218162 37613 37400 37613 80656 285004 475892 423196 395085 376639 358331 340136 34234 34000 34234 175618 30860 30600 30860 210860 27200 27493 23800 24134 20400 17000 13600 10200 6800 5250 3400 4000 0 5250 3400 7889 6800 10956 10200 15778 14176
442909 448633 374721 53451 221839 337534 393306 419542 409021 399438 392120 385622 379457 355998 318009 223386 47768 48268 49089 50217 268539 360336 411564 447981 434754 422230 410554 399856 391094 383937 377377 356384 321308 219986 44381 44918 45800 136417 313637 473800 440082 426173 413130 401132 390580 382572 375465 357287 325764 216586 40996 41577 42528 210883 507768 461680 431739 417073 403497 391224 213186 37613 38246 39278 209786 34234 34928 92284 30860 31628 27493 28352 24134 20788 17464 14176 10956 6800 7889 3400 5250 0 4000 3400 5250 6800 7889 10956 10200
420250 479426 424984 248732 337274 394877 437695 390765 376130 361848 348131 333470 313813 275617 200350 47768 47600 47768 48268 272083 357520 406136 448216 428056 412240 396540 380937 365337 350665 335546 318567 281494 215115 44381 44200 44381 147607 289171 371856 452327 420651 403770 387009 370322 353959 338202 320891 288387 233311 40996 40800 40996 184547 307040 493617 443308 412854 394712 376691 358680 37613 37400 37613 204245 34234 34000 34234 231268 30600 30860 27200 27493 23800 20400 17000 13600 10200 7889 6800 5250 3400 4000 0 5250 3400 7889 6800 12963 10956
462702 468221 397832 56704 274499 364385 415186 440123 430065 420959 414089 406853 399290 373743 331825 226786 51157 51624 52393 116496 315279 380751 431145 471686 454196 442166 431035 420932 412736 405321 397499 374357 335130 223386 47768 48268 49089 197981 342704 494805 458592 445274 432884 421591 411740 404051 395855 375443 339174 219986 44381 44918 45800 252603 524470 480425 449739 435865 423146 411782 216586 40996 41577 42528 213186 37613 38246 129091 34234 34928 30860 31628 27493 24134 20788 17464 14176 10200 10956 6800 7889 3400 5250 0 4000 3400 5250 7889 6800
440889 501368 449504 278257 362911 418161 461344 411345 396596 381894 367774 352408 332473 292201 216636 51157 51000 51157 153660 298206 381648 428651 470230 447964 432208 416550 400937 385218 370120 354417 336375 297964 230633 47768 47600 47768 193128 311517 393025 475063 439733 422996 406348 389685 373096 356910 338681 304623 247514 44381 44200 44381 207604 327959 511451 463078 431004 413118 395293 377329 40996 40800 40996 225946 37613 37400 37613 249945 34000 34234 30600 30860 27200 23800 20400 17000 13600 10956 10200 7889 6800 5250 3400 4000 0 5250 3400 10500 7889
480609 487835 420266 111611 310520 385376 436566 458005 447793 438364 430876 424308 418043 390642 344736 230186 54547 54985 55708 183319 338168 400745 450631 492912 471714 459748 448583 438284 429550 422446 415808 391460 348028 226786 51157 51624 52393 253624 361104 513862 476467 462396 450116 438782 428584 420821 413714 392716 351715 223386 47768 48268 49089 286037 540194 497642 466184 452591 440022 428568 219986 44381 44918 71679 216586 40996 41577 169143 37613 38246 34234 34928 30860 27493 24134 20788 17464 13600 14176 10200 10956 6800 7889 3400 5250 0 4000 5250 3400
460856 523241 473382 304971 387136 440817 484483 431819 416910 401749 387149 370986 350564 308168 231815 54547 54400 54547 203074 320009 404605 450671 492027 469848 451859 436546 420871 404963 389363 372968 353752 313838 245132 51157 51000 51157 214575 332657 413671 495397 458027 442336 425744 409021 392108 375363 356074 320311 260916 47768 47600 47768 228498 347941 527296 481188 448784 431759 414032 395982 44381 44200 44381 245663 40996 40800 40996 267346 37400 37613 34000 52054 30600 27200 23800 20400 17000 14176 13600 10956 10200 7889 6800 5250 3400 4000 0 8693 5250
528906 478350 398262 64385 232795 361738 418399 507744 501775 497329 495326 495923 498476 490526 479197 429268 337716 110282 59974 61162 286891 381231 436960 540812 515246 506968 500128 494923 491929 492182 494613 487864 475797 422816 321719 71368 56704 134599 336871 555626 522732 506785 498921 492812 488692 488467 490720 485307 472397 415979 304433 52393 53451 221839 574194 537045 507357 498283 491089 486067 408676 273091 49089 50217 400799 187560 45800 94438 126479 42528 72359 39278 34928 31628 28352 25109 21913 17464 18788 14176 15778 10956 12963 7889 10500 5250 8693 0 4000
498309 507437 442118 188252 333948 405834 457510 475575 465137 455303 447055 439491 431723 406769 356861 233586 57938 58351 59033 246178 359710 420355 469995 513327 489056 477085 465803 455208 445842 437832 429749 407638 360123 230186 54547 54985 55708 279521 379150 532436 495629 479373 467102 455609 444940 436384 427917 407981 363493 226786 51157 51624 52393 303994 556037 514708 482626 469196 456632 444923 223386 47768 48268 122670 219986 44381 44918 218603 40996 41577 37613 38246 34234 30860 27493 24134 20788 17000 17464 13600 14176 10200 10956 6800 7889 3400 5250 4000 0
