BLOCK_NO: 54
POINTS: 227
COORDINATES:
0 124.000000 -142.000000
1 72.000000 -112.555556
2 138.947415 -107.484282
3 140.752856 -112.413824
4 137.272129 -110.442900
5 135.596844 -113.401517
6 133.921558 -116.360135
7 135.726999 -121.289677
8 132.246273 -119.318753
9 154.936073 -136.073840
10 151.455347 -134.102916
11 134.051714 -124.248294
12 130.570987 -122.277370
13 153.260788 -139.032457
14 149.780061 -137.061533
15 146.299334 -135.090609
16 142.818608 -133.119685
17 139.337881 -131.148760
18 135.857155 -129.177836
19 132.376428 -127.206912
20 128.895701 -125.235988
21 125.414975 -123.265063
22 121.934248 -121.294139
23 148.104775 -140.020151
24 144.624049 -138.049227
25 141.143322 -136.078302
26 137.662596 -134.107378
27 134.181869 -132.136454
28 130.701142 -130.165530
29 127.220416 -128.194605
30 123.739689 -126.223681
31 120.258963 -124.252757
32 142.948763 -141.007844
33 139.468037 -139.036920
34 135.987310 -137.065996
35 132.506583 -135.095071
36 129.025857 -133.124147
37 125.545130 -131.153223
38 122.064404 -129.182299
39 118.583677 -127.211374
40 115.102950 -125.240450
41 134.312024 -140.024613
42 130.831298 -138.053689
43 127.350571 -136.082765
44 123.869845 -134.111841
45 120.389118 -132.140916
46 116.908391 -130.169992
47 113.427665 -128.199068
48 129.156012 -141.012307
49 125.675286 -139.041382
50 122.194559 -137.070458
51 118.713832 -135.099534
52 115.233106 -133.128610
53 111.752379 -131.157685
54 108.271653 -129.186761
55 120.519273 -140.029076
56 117.038547 -138.058152
57 113.557820 -136.087227
58 110.077094 -134.116303
59 106.596367 -132.145379
60 103.115640 -130.174455
61 115.363261 -141.016769
62 111.882535 -139.045845
63 108.401808 -137.074921
64 104.921081 -135.103996
65 101.440355 -133.133072
66 97.959628 -131.162148
67 77.075269 -119.336602
68 73.594542 -117.365678
69 70.113815 -115.394754
70 110.207249 -142.004462
71 106.726522 -140.033538
72 103.245796 -138.062614
73 99.765069 -136.091690
74 96.284343 -134.120765
75 92.803616 -132.149841
76 89.322889 -130.178917
77 78.880710 -124.266144
78 75.399983 -122.295220
79 71.919256 -120.324296
80 105.051237 -142.992156
81 101.570510 -141.021232
82 98.089784 -139.050307
83 94.609057 -137.079383
84 91.128330 -135.108459
85 87.647604 -133.137535
86 84.166877 -131.166610
87 80.686151 -129.195686
88 77.205424 -127.224762
89 73.724697 -125.253838
90 99.895225 -143.979849
91 96.414498 -142.008925
92 92.933771 -140.038001
93 89.453045 -138.067076
94 85.972318 -136.096152
95 82.491592 -134.125228
96 79.010865 -132.154304
97 75.530138 -130.183379
98 98.219939 -146.938467
99 94.739212 -144.967543
100 91.258486 -142.996618
101 87.777759 -141.025694
102 84.297033 -139.054770
103 80.816306 -137.083846
104 77.335579 -135.112921
105 73.854853 -133.141997
106 96.544653 -149.897084
107 93.063927 -147.926160
108 89.583200 -145.955236
109 86.102474 -143.984312
110 82.621747 -142.013387
111 79.141020 -140.042463
112 75.660294 -138.071539
113 72.179567 -136.100615
114 94.869368 -152.855702
115 91.388641 -150.884778
116 87.907915 -148.913854
117 84.427188 -146.942929
118 80.946461 -144.972005
119 77.465735 -143.001081
120 73.985008 -141.030157
121 70.504282 -139.059232
122 93.194082 -155.814320
123 89.713356 -153.843395
124 86.232629 -151.872471
125 82.751902 -149.901547
126 79.271176 -147.930623
127 75.790449 -145.959698
128 72.309723 -143.988774
129 68.828996 -142.017850
130 65.348269 -140.046926
131 91.518797 -158.772937
132 88.038070 -156.802013
133 84.557343 -154.831089
134 81.076617 -152.860164
135 77.595890 -150.889240
136 74.115164 -148.918316
137 70.634437 -146.947392
138 67.153710 -144.976467
139 63.672984 -143.005543
140 60.192257 -141.034619
141 93.324238 -163.702479
142 89.843511 -161.731555
143 86.362784 -159.760631
144 82.882058 -157.789706
145 79.401331 -155.818782
146 75.920605 -153.847858
147 72.439878 -151.876934
148 68.959151 -149.906009
149 65.478425 -147.935085
150 61.997698 -145.964161
151 58.516972 -143.993237
152 55.036245 -142.022312
153 91.648952 -166.661097
154 88.168225 -164.690172
155 84.687499 -162.719248
156 81.206772 -160.748324
157 77.726046 -158.777400
158 74.245319 -156.806475
159 70.764592 -154.835551
160 67.283866 -152.864627
161 63.803139 -150.893703
162 60.322413 -148.922778
163 56.841686 -146.951854
164 53.360959 -144.980930
165 49.880233 -143.010006
166 93.454393 -171.590639
167 89.973666 -169.619714
168 86.492940 -167.648790
169 83.012213 -165.677866
170 79.531487 -163.706942
171 76.050760 -161.736017
172 72.570033 -159.765093
173 69.089307 -157.794169
174 65.608580 -155.823245
175 62.127854 -153.852320
176 58.647127 -151.881396
177 55.166400 -149.910472
178 51.685674 -147.939548
179 48.204947 -145.968623
180 44.724221 -143.997699
181 95.259834 -176.520180
182 91.779107 -174.549256
183 88.298381 -172.578332
184 84.817654 -170.607408
185 81.336928 -168.636483
186 77.856201 -166.665559
187 74.375474 -164.694635
188 70.894748 -162.723711
189 67.414021 -160.752786
190 63.933295 -158.781862
191 60.452568 -156.810938
192 56.971841 -154.840014
193 53.491115 -152.869089
194 50.010388 -150.898165
195 46.529662 -148.927241
196 43.048935 -146.956317
197 39.568208 -144.985392
198 93.584548 -179.478798
199 90.103822 -177.507874
200 86.623095 -175.536949
201 83.142369 -173.566025
202 79.661642 -171.595101
203 76.180915 -169.624177
204 72.700189 -167.653252
205 69.219462 -165.682328
206 65.738736 -163.711404
207 62.258009 -161.740480
208 58.777282 -159.769556
209 48.335103 -153.856783
210 44.854376 -151.885859
211 41.373649 -149.914934
212 37.892923 -147.944010
213 95.389989 -184.408340
214 91.909263 -182.437416
215 88.428536 -180.466491
216 84.947809 -178.495567
217 67.544177 -168.640946
218 93.714704 -187.366957
219 90.233977 -185.396033
220 86.753250 -183.425109
221 83.272524 -181.454185
222 95.520145 -192.296499
223 92.039418 -190.325575
224 88.558691 -188.354651
225 85.077965 -186.383727
226 86.883406 -191.313268
TOUR_ORDER:
0 49 43 48 42 41 34 26 25 33 32 24 23 13 9 10 14 15 16 17 18 27 35 36 28 19 11 7 5 4 2 3 6 8 12 20 29 37 44 50 55 61 56 51 45 38 30 21 22 31 39 40 47 46 52 57 62 70 71 80 81 90 98 106 114 122 131 142 141 153 154 168 167 166 182 181 198 199 215 219 214 213 218 222 223 224 226 225 220 221 216 200 183 184 201 202 185 169 155 143 132 123 115 107 99 91 82 73 72 64 63 58 53 54 59 60 65 66 74 83 92 100 108 116 124 133 144 156 170 186 203 204 187 171 157 145 134 125 117 109 101 93 84 75 76 85 94 102 110 118 126 135 146 158 172 188 205 217 206 189 173 159 147 136 127 119 111 103 95 86 87 96 104 112 120 128 137 148 160 174 190 207 208 191 192 193 194 209 210 211 212 197 196 180 195 179 165 152 164 178 177 163 151 140 130 139 150 162 176 175 161 149 138 129 121 113 105 97 88 77 67 78 89 79 68 69 1
