BLOCK_NO: 3
POINTS: 138
COORDINATES:
0 60.000000 55.000000
1 63.000000 75.000000
2 60.593362 58.955745
3 61.186724 62.911491
4 61.780085 66.867236
5 62.373447 70.822982
6 57.824340 63.415848
7 58.417702 67.371594
8 59.011064 71.327339
9 59.604425 75.283085
10 60.197787 79.238830
11 60.791149 83.194575
12 61.384511 87.150321
13 55.648680 71.831697
14 56.242042 75.787442
15 56.835404 79.743188
16 57.428765 83.698933
17 58.022127 87.654678
18 58.615489 91.610424
19 59.208851 95.566169
20 59.802213 99.521915
21 60.395575 103.477660
22 52.879658 76.291800
23 53.473020 80.247545
24 54.066382 84.203291
25 54.659744 88.159036
26 55.253106 92.114781
27 55.846467 96.070527
28 56.439829 100.026272
29 57.033191 103.982018
30 57.626553 107.937763
31 58.219915 111.893508
32 58.813276 115.849254
33 59.406638 119.804999
34 50.110636 80.751903
35 50.703998 84.707648
36 51.297360 88.663393
37 51.890722 92.619139
38 52.484084 96.574884
39 53.077446 100.530630
40 53.670807 104.486375
41 54.264169 108.442121
42 54.857531 112.397866
43 55.450893 116.353611
44 56.044255 120.309357
45 56.637616 124.265102
46 57.230978 128.220848
47 46.748253 81.256260
48 47.341615 85.212006
49 47.934976 89.167751
50 48.528338 93.123496
51 49.121700 97.079242
52 49.715062 101.034987
53 50.308424 104.990733
54 50.901786 108.946478
55 51.495147 112.902223
56 52.088509 116.857969
57 52.681871 120.813714
58 53.275233 124.769460
59 53.868595 128.725205
60 54.461956 132.680951
61 55.055318 136.636696
62 43.385869 81.760618
63 43.979231 85.716363
64 44.572593 89.672109
65 45.165955 93.627854
66 45.759317 97.583599
67 46.352678 101.539345
68 46.946040 105.495090
69 47.539402 109.450836
70 48.132764 113.406581
71 48.726126 117.362326
72 49.319487 121.318072
73 49.912849 125.273817
74 50.506211 129.229563
75 51.099573 133.185308
76 51.692935 137.141053
77 40.023486 82.264975
78 40.616847 86.220721
79 41.210209 90.176466
80 41.803571 94.132211
81 42.396933 98.087957
82 42.990295 102.043702
83 43.583657 105.999448
84 48.330551 137.645411
85 36.661102 82.769333
86 37.254464 86.725078
87 37.847826 90.680824
88 38.441188 94.636569
89 39.034549 98.592314
90 39.627911 102.548060
91 33.298718 83.273690
92 33.892080 87.229436
93 34.485442 91.185181
94 35.078804 95.140927
95 35.672166 99.096672
96 29.936335 83.778048
97 30.529697 87.733793
98 31.123058 91.689539
99 31.716420 95.645284
100 32.309782 99.601030
101 27.167313 88.238151
102 27.760675 92.193896
103 28.354037 96.149642
104 23.804929 88.742508
105 24.398291 92.698254
106 24.991653 96.653999
107 19.849184 85.291120
108 20.442546 89.246866
109 21.035908 93.202611
110 21.629270 97.158357
111 16.486800 85.795478
112 17.080162 89.751223
113 17.673524 93.706969
114 18.266886 97.662714
115 13.124417 86.299836
116 13.717779 90.255581
117 14.311140 94.211326
118 14.904502 98.167072
119 9.762033 86.804193
120 10.355395 90.759939
121 10.948757 94.715684
122 11.542119 98.671429
123 6.399650 87.308551
124 6.993011 91.264296
125 7.586373 95.220041
126 2.443904 83.857163
127 3.037266 87.812908
128 3.630628 91.768654
129 4.223990 95.724399
130 -0.918479 84.361520
131 -0.325118 88.317266
132 0.268244 92.273011
133 0.861606 96.228757
134 -3.687501 88.821623
135 -3.094139 92.777369
136 -2.500778 96.733114
137 -6.456523 93.281726
TOUR_ORDER:
0 2 3 6 7 4 5 8 13 14 22 23 34 47 62 77 85 91 96 97 92 86 78 63 48 49 50 65 64 79 87 93 98 102 101 104 105 109 113 117 116 112 108 107 111 115 119 123 127 126 130 131 134 137 135 136 133 132 128 129 125 124 120 121 122 118 114 110 106 103 99 100 95 94 88 80 81 89 90 82 83 68 69 70 55 56 71 72 73 74 75 84 76 61 60 59 46 45 58 57 44 33 32 43 42 31 30 41 54 53 40 29 21 20 28 39 52 67 66 51 38 27 19 18 26 37 36 35 24 25 17 12 11 16 15 10 9 1
