# 第24块采样点
# 总点数: 99
# 索引0: 起点, 1: 退出点, 2+: 网格点
# 格式: 索引 X Y

0 -147.000000 -70.000000
1 -158.666667 -93.000000
2 -158.492939 -77.625769
3 -153.651222 -75.596539
4 -155.460726 -79.163848
5 -157.270231 -82.731157
6 -159.079735 -86.298466
7 -148.809505 -73.567309
8 -150.619009 -77.134618
9 -152.428514 -80.701927
10 -154.238018 -84.269236
11 -156.047523 -87.836545
12 -157.857027 -91.403854
13 -143.967787 -71.538079
14 -145.777292 -75.105388
15 -147.586796 -78.672697
16 -149.396301 -82.240006
17 -151.205806 -85.807315
18 -153.015310 -89.374624
19 -154.824815 -92.941933
20 -156.634319 -96.509242
21 -139.126070 -69.508849
22 -140.935575 -73.076158
23 -142.745079 -76.643467
24 -144.554584 -80.210776
25 -146.364088 -83.778085
26 -148.173593 -87.345394
27 -149.983098 -90.912703
28 -151.792602 -94.480012
29 -153.602107 -98.047321
30 -155.411611 -101.614629
31 -134.284353 -67.479619
32 -136.093858 -71.046928
33 -137.903362 -74.614237
34 -139.712867 -78.181546
35 -141.522371 -81.748855
36 -143.331876 -85.316164
37 -145.141380 -88.883472
38 -146.950885 -92.450781
39 -148.760389 -96.018090
40 -150.569894 -99.585399
41 -152.379399 -103.152708
42 -154.188903 -106.720017
43 -131.252140 -69.017698
44 -133.061645 -72.585006
45 -134.871150 -76.152315
46 -136.680654 -79.719624
47 -138.490159 -83.286933
48 -140.299663 -86.854242
49 -142.109168 -90.421551
50 -143.918672 -93.988860
51 -145.728177 -97.556169
52 -147.537681 -101.123478
53 -149.347186 -104.690787
54 -151.156690 -108.258096
55 -126.410423 -66.988467
56 -128.219928 -70.555776
57 -130.029432 -74.123085
58 -131.838937 -77.690394
59 -133.648441 -81.257703
60 -135.457946 -84.825012
61 -137.267451 -88.392321
62 -139.076955 -91.959630
63 -140.886460 -95.526939
64 -142.695964 -99.094248
65 -144.505469 -102.661557
66 -146.314973 -106.228866
67 -125.187715 -72.093855
68 -126.997220 -75.661164
69 -128.806724 -79.228473
70 -130.616229 -82.795782
71 -132.425733 -86.363091
72 -134.235238 -89.930400
73 -136.044742 -93.497709
74 -137.854247 -97.065018
75 -139.663752 -100.632327
76 -141.473256 -104.199636
77 -123.965007 -77.199243
78 -125.774512 -80.766552
79 -127.584016 -84.333861
80 -129.393521 -87.901170
81 -131.203025 -91.468479
82 -133.012530 -95.035788
83 -134.822034 -98.603097
84 -136.631539 -102.170406
85 -138.441043 -105.737715
86 -122.742299 -82.304631
87 -124.551804 -85.871940
88 -126.361308 -89.439249
89 -128.170813 -93.006558
90 -129.980317 -96.573867
91 -131.789822 -100.141176
92 -133.599326 -103.708485
93 -121.519591 -87.410019
94 -123.329095 -90.977328
95 -125.138600 -94.544637
96 -126.948105 -98.111946
97 -128.757609 -101.679255
98 -122.106387 -96.082716
