# 第42块采样点
# 总点数: 193
# 索引0: 起点, 1: 退出点, 2+: 网格点
# 格式: 索引 X Y

0 -276.800000 -213.000000
1 -232.000000 -201.000000
2 -222.862151 -244.310516
3 -218.998359 -243.275572
4 -215.134566 -242.240627
5 -235.333230 -244.131126
6 -231.469438 -243.096181
7 -227.605646 -242.061237
8 -223.741853 -241.026293
9 -219.878061 -239.991348
10 -216.014269 -238.956404
11 -247.804309 -243.951735
12 -243.940517 -242.916791
13 -240.076725 -241.881847
14 -236.212933 -240.846902
15 -232.349141 -239.811958
16 -228.485348 -238.777014
17 -224.621556 -237.742069
18 -220.757764 -236.707125
19 -216.893972 -235.672181
20 -213.030180 -234.637236
21 -260.275389 -243.772345
22 -256.411596 -242.737401
23 -252.547804 -241.702456
24 -248.684012 -240.667512
25 -244.820220 -239.632568
26 -240.956428 -238.597623
27 -237.092635 -237.562679
28 -233.228843 -236.527735
29 -229.365051 -235.492790
30 -225.501259 -234.457846
31 -221.637467 -233.422902
32 -217.773674 -232.387957
33 -213.909882 -231.353013
34 -272.746468 -243.592955
35 -268.882676 -242.558010
36 -265.018884 -241.523066
37 -261.155091 -240.488122
38 -257.291299 -239.453177
39 -253.427507 -238.418233
40 -249.563715 -237.383289
41 -245.699923 -236.348344
42 -241.836130 -235.313400
43 -237.972338 -234.278456
44 -234.108546 -233.243511
45 -230.244754 -232.208567
46 -226.380962 -231.173623
47 -222.517169 -230.138678
48 -218.653377 -229.103734
49 -214.789585 -228.068790
50 -285.217547 -243.413564
51 -281.353755 -242.378620
52 -277.489963 -241.343676
53 -273.626171 -240.308731
54 -269.762378 -239.273787
55 -265.898586 -238.238843
56 -262.034794 -237.203898
57 -258.171002 -236.168954
58 -254.307210 -235.134010
59 -250.443417 -234.099065
60 -246.579625 -233.064121
61 -242.715833 -232.029177
62 -238.852041 -230.994232
63 -234.988249 -229.959288
64 -231.124456 -228.924344
65 -227.260664 -227.889399
66 -223.396872 -226.854455
67 -219.533080 -225.819511
68 -215.669288 -224.784566
69 -282.233458 -239.094397
70 -278.369666 -238.059452
71 -274.505873 -237.024508
72 -270.642081 -235.989564
73 -266.778289 -234.954619
74 -262.914497 -233.919675
75 -259.050705 -232.884731
76 -255.186912 -231.849786
77 -251.323120 -230.814842
78 -247.459328 -229.779898
79 -243.595536 -228.744953
80 -239.731744 -227.710009
81 -235.867951 -226.675065
82 -232.004159 -225.640120
83 -228.140367 -224.605176
84 -224.276575 -223.570232
85 -220.412782 -222.535287
86 -216.548990 -221.500343
87 -212.685198 -220.465399
88 -256.066615 -228.565563
89 -252.202823 -227.530619
90 -248.339031 -226.495674
91 -244.475238 -225.460730
92 -240.611446 -224.425786
93 -236.747654 -223.390841
94 -232.883862 -222.355897
95 -229.020070 -221.320953
96 -225.156277 -220.286008
97 -221.292485 -219.251064
98 -217.428693 -218.216119
99 -213.564901 -217.181175
100 -256.946318 -225.281340
101 -253.082526 -224.246395
102 -249.218733 -223.211451
103 -245.354941 -222.176506
104 -241.491149 -221.141562
105 -237.627357 -220.106618
106 -233.763564 -219.071673
107 -229.899772 -218.036729
108 -226.035980 -217.001785
109 -222.172188 -215.966840
110 -218.308396 -214.931896
111 -214.444603 -213.896952
112 -257.826020 -221.997116
113 -253.962228 -220.962172
114 -250.098436 -219.927227
115 -246.234644 -218.892283
116 -242.370852 -217.857339
117 -238.507059 -216.822394
118 -234.643267 -215.787450
119 -230.779475 -214.752506
120 -226.915683 -213.717561
121 -223.051891 -212.682617
122 -219.188098 -211.647673
123 -215.324306 -210.612728
124 -258.705723 -218.712893
125 -254.841931 -217.677948
126 -250.978139 -216.643004
127 -247.114346 -215.608060
128 -243.250554 -214.573115
129 -239.386762 -213.538171
130 -235.522970 -212.503227
131 -231.659178 -211.468282
132 -227.795385 -210.433338
133 -223.931593 -209.398394
134 -220.067801 -208.363449
135 -263.449218 -216.463614
136 -259.585426 -215.428669
137 -255.721634 -214.393725
138 -251.857841 -213.358781
139 -247.994049 -212.323836
140 -244.130257 -211.288892
141 -240.266465 -210.253948
142 -236.402673 -209.219003
143 -232.538880 -208.184059
144 -228.675088 -207.149115
145 -224.811296 -206.114170
146 -275.920297 -216.284223
147 -272.056505 -215.249279
148 -268.192713 -214.214335
149 -264.328921 -213.179390
150 -260.465128 -212.144446
151 -256.601336 -211.109502
152 -252.737544 -210.074557
153 -248.873752 -209.039613
154 -245.009960 -208.004669
155 -241.146167 -206.969724
156 -237.282375 -205.934780
157 -233.418583 -204.899836
158 -229.554791 -203.864891
159 -272.936208 -211.965056
160 -269.072416 -210.930111
161 -265.208623 -209.895167
162 -261.344831 -208.860223
163 -257.481039 -207.825278
164 -253.617247 -206.790334
165 -249.753455 -205.755390
166 -245.889662 -204.720445
167 -242.025870 -203.685501
168 -238.162078 -202.650557
169 -234.298286 -201.615612
170 -269.952118 -207.645888
171 -266.088326 -206.610944
172 -262.224534 -205.575999
173 -258.360742 -204.541055
174 -254.496949 -203.506111
175 -250.633157 -202.471166
176 -246.769365 -201.436222
177 -242.905573 -200.401278
178 -239.041781 -199.366333
179 -266.968029 -203.326720
180 -263.104237 -202.291776
181 -259.240444 -201.256832
182 -255.376652 -200.221887
183 -251.512860 -199.186943
184 -247.649068 -198.151999
185 -243.785276 -197.117054
186 -263.983939 -199.007553
187 -260.120147 -197.972608
188 -256.256355 -196.937664
189 -252.392563 -195.902719
190 -248.528770 -194.867775
191 -257.136058 -193.653440
192 -253.272265 -192.618496
