# 第40块采样点
# 总点数: 215
# 索引0: 起点, 1: 退出点, 2+: 网格点
# 格式: 索引 X Y

0 -280.000000 -157.000000
1 -332.210526 -173.210526
2 -348.974481 -164.175022
3 -352.794587 -165.361103
4 -356.614694 -166.547185
5 -360.434800 -167.733266
6 -336.505994 -163.863868
7 -340.326100 -165.049950
8 -344.146206 -166.236031
9 -347.966312 -167.422112
10 -351.786418 -168.608194
11 -355.606524 -169.794275
12 -359.426631 -170.980356
13 -324.037506 -163.552714
14 -327.857612 -164.738796
15 -331.677718 -165.924877
16 -335.497824 -167.110958
17 -339.317931 -168.297040
18 -343.138037 -169.483121
19 -346.958143 -170.669202
20 -350.778249 -171.855284
21 -315.389125 -164.427642
22 -319.209231 -165.613723
23 -323.029337 -166.799805
24 -326.849443 -167.985886
25 -330.669549 -169.171967
26 -334.489655 -170.358049
27 -338.309761 -171.544130
28 -283.820106 -158.186081
29 -287.640212 -159.372163
30 -291.460318 -160.558244
31 -295.280425 -161.744325
32 -299.100531 -162.930407
33 -302.920637 -164.116488
34 -306.740743 -165.302569
35 -310.560849 -166.488651
36 -314.380955 -167.674732
37 -318.201062 -168.860813
38 -322.021168 -170.046895
39 -325.841274 -171.232976
40 -329.661380 -172.419058
41 -271.351619 -157.874928
42 -275.171725 -159.061009
43 -278.991831 -160.247090
44 -282.811937 -161.433172
45 -286.632043 -162.619253
46 -290.452149 -163.805334
47 -294.272255 -164.991416
48 -298.092362 -166.177497
49 -301.912468 -167.363578
50 -305.732574 -168.549660
51 -309.552680 -169.735741
52 -313.372786 -170.921822
53 -317.192892 -172.107904
54 -321.012999 -173.293985
55 -324.833105 -174.480066
56 -266.523343 -159.935936
57 -270.343449 -161.122018
58 -274.163556 -162.308099
59 -277.983662 -163.494180
60 -281.803768 -164.680262
61 -285.623874 -165.866343
62 -289.443980 -167.052425
63 -293.264086 -168.238506
64 -297.084192 -169.424587
65 -300.904299 -170.610669
66 -304.724405 -171.796750
67 -308.544511 -172.982831
68 -312.364617 -174.168913
69 -316.184723 -175.354994
70 -261.695068 -161.996945
71 -265.515174 -163.183027
72 -269.335280 -164.369108
73 -273.155386 -165.555189
74 -276.975493 -166.741271
75 -280.795599 -167.927352
76 -284.615705 -169.113433
77 -288.435811 -170.299515
78 -292.255917 -171.485596
79 -296.076023 -172.671677
80 -299.896129 -173.857759
81 -303.716236 -175.043840
82 -307.536342 -176.229921
83 -311.356448 -177.416003
84 -260.686899 -165.244036
85 -264.507005 -166.430117
86 -268.327111 -167.616198
87 -272.147217 -168.802280
88 -275.967323 -169.988361
89 -279.787430 -171.174442
90 -283.607536 -172.360524
91 -287.427642 -173.546605
92 -291.247748 -174.732686
93 -295.067854 -175.918768
94 -298.887960 -177.104849
95 -302.708067 -178.290930
96 -306.528173 -179.477012
97 -263.498836 -169.677207
98 -267.318942 -170.863288
99 -271.139048 -172.049370
100 -274.959154 -173.235451
101 -278.779260 -174.421533
102 -282.599367 -175.607614
103 -286.419473 -176.793695
104 -290.239579 -177.979777
105 -294.059685 -179.165858
106 -297.879791 -180.351939
107 -301.699897 -181.538021
108 -305.520004 -182.724102
109 -262.490667 -172.924297
110 -266.310773 -174.110379
111 -270.130879 -175.296460
112 -273.950985 -176.482541
113 -277.771091 -177.668623
114 -281.591197 -178.854704
115 -285.411304 -180.040785
116 -289.231410 -181.226867
117 -293.051516 -182.412948
118 -296.871622 -183.599029
119 -300.691728 -184.785111
120 -304.511834 -185.971192
121 -261.482498 -176.171388
122 -265.302604 -177.357469
123 -269.122710 -178.543550
124 -272.942816 -179.729632
125 -276.762922 -180.915713
126 -280.583028 -182.101794
127 -284.403134 -183.287876
128 -288.223241 -184.473957
129 -292.043347 -185.660038
130 -295.863453 -186.846120
131 -299.683559 -188.032201
132 -303.503665 -189.218282
133 -264.294435 -180.604559
134 -268.114541 -181.790641
135 -271.934647 -182.976722
136 -275.754753 -184.162803
137 -279.574859 -185.348885
138 -283.394965 -186.534966
139 -287.215071 -187.721047
140 -291.035178 -188.907129
141 -294.855284 -190.093210
142 -298.675390 -191.279291
143 -302.495496 -192.465373
144 -306.315602 -193.651454
145 -263.286265 -183.851649
146 -267.106372 -185.037731
147 -270.926478 -186.223812
148 -274.746584 -187.409893
149 -278.566690 -188.595975
150 -282.386796 -189.782056
151 -286.206902 -190.968137
152 -290.027008 -192.154219
153 -293.847115 -193.340300
154 -297.667221 -194.526382
155 -301.487327 -195.712463
156 -305.307433 -196.898544
157 -262.278096 -187.098740
158 -266.098202 -188.284821
159 -269.918309 -189.470902
160 -273.738415 -190.656984
161 -277.558521 -191.843065
162 -281.378627 -193.029146
163 -285.198733 -194.215228
164 -289.018839 -195.401309
165 -292.838945 -196.587390
166 -296.659052 -197.773472
167 -300.479158 -198.959553
168 -304.299264 -200.145634
169 -265.090033 -191.531911
170 -268.910139 -192.717993
171 -272.730246 -193.904074
172 -276.550352 -195.090155
173 -280.370458 -196.276237
174 -284.190564 -197.462318
175 -288.010670 -198.648399
176 -291.830776 -199.834481
177 -295.650882 -201.020562
178 -299.470989 -202.206643
179 -303.291095 -203.392725
180 -307.111201 -204.578806
181 -267.901970 -195.965083
182 -271.722076 -197.151164
183 -275.542183 -198.337245
184 -279.362289 -199.523327
185 -283.182395 -200.709408
186 -287.002501 -201.895490
187 -290.822607 -203.081571
188 -294.642713 -204.267652
189 -298.462820 -205.453734
190 -302.282926 -206.639815
191 -306.103032 -207.825896
192 -270.713907 -200.398254
193 -274.534013 -201.584336
194 -278.354120 -202.770417
195 -282.174226 -203.956498
196 -285.994332 -205.142580
197 -289.814438 -206.328661
198 -293.634544 -207.514742
199 -297.454650 -208.700824
200 -301.274757 -209.886905
201 -305.094863 -211.072986
202 -273.525844 -204.831426
203 -277.345950 -206.017507
204 -281.166057 -207.203589
205 -284.986163 -208.389670
206 -288.806269 -209.575751
207 -292.626375 -210.761833
208 -296.446481 -211.947914
209 -300.266587 -213.133995
210 -280.157887 -210.450679
211 -283.977994 -211.636760
212 -287.798100 -212.822842
213 -291.618206 -214.008923
214 -282.969824 -214.883850
