BLOCK_NO: 2
POINTS: 62
COORDINATES:
0 64.000000 -33.000000
1 60.000000 51.000000
2 70.602043 -28.681084
3 70.411782 -24.685612
4 70.221522 -20.690139
5 70.031261 -16.694667
6 69.841000 -12.699194
7 69.650740 -8.703722
8 68.128655 23.260059
9 67.205891 -28.842806
10 67.015630 -24.847333
11 66.825370 -20.851861
12 66.635109 -16.856388
13 66.444849 -12.860916
14 66.254588 -8.865443
15 66.064327 -4.869971
16 65.874067 -0.874498
17 65.683806 3.120974
18 65.493546 7.116447
19 65.303285 11.111920
20 65.113024 15.107392
21 64.922764 19.102865
22 64.732503 23.098337
23 64.542243 27.093810
24 64.351982 31.089282
25 64.161722 35.084755
26 63.971461 39.080227
27 63.781200 43.075700
28 63.590940 47.071173
29 63.809739 -29.004527
30 63.619479 -25.009055
31 63.429218 -21.013582
32 63.238958 -17.018110
33 63.048697 -13.022637
34 62.858436 -9.027165
35 62.668176 -5.031692
36 62.477915 -1.036220
37 62.287655 2.959253
38 62.097394 6.954726
39 61.907133 10.950198
40 61.716873 14.945671
41 61.526612 18.941143
42 61.336352 22.936616
43 61.146091 26.932088
44 60.955830 30.927561
45 60.765570 34.923033
46 60.575309 38.918506
47 60.385049 42.913978
48 60.194788 46.909451
49 59.842806 -17.179831
50 59.652545 -13.184359
51 59.462285 -9.188886
52 59.272024 -5.193414
53 59.081764 -1.197941
54 58.891503 2.797531
55 58.701242 6.793004
56 58.510982 10.788477
57 58.320721 14.783949
58 58.130461 18.779422
59 57.940200 22.774894
60 57.749939 26.770367
61 57.559679 30.765839
TOUR_ORDER:
0 29 9 2 3 10 30 31 11 4 5 12 32 49 50 33 13 6 7 14 34 51 52 35 15 16 36 53 54 37 17 18 38 55 56 39 19 20 40 57 58 41 21 8 22 42 59 60 43 23 24 44 61 45 25 26 46 47 27 28 48 1
