BLOCK_NO: 36
POINTS: 359
COORDINATES:
0 -326.260870 87.000000
1 -236.800000 -45.800000
2 -354.084941 24.849690
3 -355.734725 33.384220
4 -353.499909 30.066752
5 -326.682113 -9.742868
6 -355.149693 38.601282
7 -352.914877 35.283814
8 -328.331898 -1.208338
9 -326.097082 -4.525806
10 -323.862265 -7.843274
11 -321.627449 -11.160743
12 -352.329845 40.500876
13 -350.095029 37.183408
14 -327.746866 4.008724
15 -325.512050 0.691256
16 -323.277233 -2.626212
17 -321.042417 -5.943681
18 -318.807601 -9.261149
19 -349.509997 42.400470
20 -324.927018 5.908318
21 -322.692202 2.590850
22 -320.457385 -0.726618
23 -318.222569 -4.044087
24 -315.987753 -7.361555
25 -313.752936 -10.679023
26 -348.924965 47.617532
27 -346.690149 44.300064
28 -324.341986 11.125380
29 -322.107170 7.807912
30 -319.872354 4.490444
31 -317.637537 1.172975
32 -315.402721 -2.144493
33 -313.167905 -5.461961
34 -310.933088 -8.779430
35 -350.574750 56.152063
36 -348.339933 52.834594
37 -346.105117 49.517126
38 -343.870301 46.199658
39 -323.756954 16.342443
40 -321.522138 13.024974
41 -319.287322 9.707506
42 -317.052505 6.390038
43 -314.817689 3.072569
44 -312.582873 -0.244899
45 -310.348057 -3.562367
46 -308.113240 -6.879836
47 -356.694167 71.321530
48 -354.459350 68.004062
49 -352.224534 64.686593
50 -349.989718 61.369125
51 -347.754902 58.051657
52 -345.520085 54.734188
53 -343.285269 51.416720
54 -341.050453 48.099252
55 -338.815636 44.781783
56 -320.937106 18.242037
57 -318.702290 14.924568
58 -316.467474 11.607100
59 -307.528209 -1.662774
60 -305.293392 -4.980242
61 -358.343951 79.856060
62 -356.109135 76.538592
63 -353.874319 73.221124
64 -351.639502 69.903655
65 -349.404686 66.586187
66 -347.169870 63.268719
67 -344.935054 59.951250
68 -342.700237 56.633782
69 -340.465421 53.316314
70 -338.230605 49.998845
71 -335.995788 46.681377
72 -315.882442 16.824162
73 -304.708360 0.236820
74 -302.473544 -3.080648
75 -357.758919 85.073123
76 -355.524103 81.755654
77 -353.289287 78.438186
78 -351.054471 75.120718
79 -348.819654 71.803249
80 -346.584838 68.485781
81 -344.350022 65.168313
82 -342.115205 61.850844
83 -339.880389 58.533376
84 -337.645573 55.215908
85 -335.410757 51.898439
86 -333.175940 48.580971
87 -330.941124 45.263503
88 -301.888512 2.136414
89 -299.653696 -1.181054
90 -357.173888 90.290185
91 -354.939071 86.972716
92 -352.704255 83.655248
93 -350.469439 80.337780
94 -348.234622 77.020311
95 -345.999806 73.702843
96 -343.764990 70.385375
97 -341.530174 67.067906
98 -339.295357 63.750438
99 -337.060541 60.432970
100 -334.825725 57.115501
101 -332.590908 53.798033
102 -330.356092 50.480565
103 -328.121276 47.163096
104 -325.886460 43.845628
105 -303.538297 10.670945
106 -301.303481 7.353476
107 -299.068664 4.036008
108 -296.833848 0.718540
109 -354.354040 92.189779
110 -352.119223 88.872310
111 -349.884407 85.554842
112 -347.649591 82.237374
113 -345.414774 78.919905
114 -343.179958 75.602437
115 -340.945142 72.284969
116 -338.710326 68.967500
117 -336.475509 65.650032
118 -334.240693 62.332564
119 -332.005877 59.015095
120 -325.301428 49.062690
121 -323.066612 45.745222
122 -320.831795 42.427754
123 -305.188081 19.205475
124 -302.953265 15.888007
125 -300.718449 12.570539
126 -298.483632 9.253070
127 -296.248816 5.935602
128 -294.014000 2.618133
129 -291.779184 -0.699335
130 -351.534191 94.089372
131 -349.299375 90.771904
132 -347.064559 87.454436
133 -344.829743 84.136967
134 -342.594926 80.819499
135 -340.360110 77.502031
136 -338.125294 74.184562
137 -335.890477 70.867094
138 -333.655661 67.549626
139 -320.246763 47.644816
140 -318.011947 44.327347
141 -315.777131 41.009879
142 -304.603049 24.422537
143 -302.368233 21.105069
144 -300.133417 17.787601
145 -297.898601 14.470132
146 -295.663784 11.152664
147 -293.428968 7.835196
148 -291.194152 4.517727
149 -288.959335 1.200259
150 -350.949160 99.306435
151 -348.714343 95.988966
152 -346.479527 92.671498
153 -344.244711 89.354030
154 -342.009894 86.036561
155 -339.775078 82.719093
156 -337.540262 79.401625
157 -335.305446 76.084156
158 -333.070629 72.766688
159 -315.192099 46.226941
160 -312.957283 42.909473
161 -310.722467 39.592005
162 -308.487650 36.274536
163 -306.252834 32.957068
164 -304.018018 29.639600
165 -301.783201 26.322131
166 -299.548385 23.004663
167 -297.313569 19.687195
168 -295.078753 16.369726
169 -292.843936 13.052258
170 -290.609120 9.734790
171 -288.374304 6.417321
172 -286.139487 3.099853
173 -283.904671 -0.217616
174 -350.364128 104.523497
175 -348.129312 101.206029
176 -345.894495 97.888560
177 -343.659679 94.571092
178 -341.424863 91.253623
179 -339.190046 87.936155
180 -336.955230 84.618687
181 -334.720414 81.301218
182 -332.485598 77.983750
183 -330.250781 74.666282
184 -307.902618 41.491598
185 -305.667802 38.174130
186 -303.432986 34.856662
187 -301.198170 31.539193
188 -298.963353 28.221725
189 -296.728537 24.904257
190 -294.493721 21.586788
191 -292.258904 18.269320
192 -290.024088 14.951852
193 -287.789272 11.634383
194 -285.554456 8.316915
195 -283.319639 4.999447
196 -281.084823 1.681978
197 -278.850007 -1.635490
198 -349.779096 109.740559
199 -347.544280 106.423091
200 -345.309463 103.105622
201 -343.074647 99.788154
202 -340.839831 96.470686
203 -338.605015 93.153217
204 -336.370198 89.835749
205 -334.135382 86.518281
206 -331.900566 83.200812
207 -329.665749 79.883344
208 -305.082770 43.391192
209 -302.847954 40.073724
210 -300.613138 36.756256
211 -298.378321 33.438787
212 -296.143505 30.121319
213 -293.908689 26.803851
214 -291.673873 23.486382
215 -289.439056 20.168914
216 -287.204240 16.851446
217 -284.969424 13.533977
218 -282.734608 10.216509
219 -280.499791 6.899041
220 -278.264975 3.581572
221 -276.030159 0.264104
222 -273.795342 -3.053364
223 -346.959248 111.640153
224 -344.724432 108.322685
225 -342.489615 105.005216
226 -340.254799 101.687748
227 -338.019983 98.370280
228 -335.785167 95.052811
229 -333.550350 91.735343
230 -331.315534 88.417874
231 -329.080718 85.100406
232 -300.028106 41.973318
233 -297.793290 38.655849
234 -295.558473 35.338381
235 -293.323657 32.020913
236 -291.088841 28.703444
237 -288.854025 25.385976
238 -286.619208 22.068508
239 -284.384392 18.751039
240 -282.149576 15.433571
241 -279.914759 12.116103
242 -277.679943 8.798634
243 -275.445127 5.481166
244 -273.210311 2.163698
245 -270.975494 -1.153771
246 -268.740678 -4.471239
247 -341.904584 110.222278
248 -339.669767 106.904810
249 -337.434951 103.587342
250 -335.200135 100.269873
251 -332.965318 96.952405
252 -330.730502 93.634937
253 -328.495686 90.317468
254 -294.973442 40.555443
255 -292.738625 37.237975
256 -290.503809 33.920507
257 -288.268993 30.603038
258 -286.034176 27.285570
259 -283.799360 23.968102
260 -281.564544 20.650633
261 -279.329728 17.333165
262 -277.094911 14.015697
263 -274.860095 10.698228
264 -272.625279 7.380760
265 -270.390462 4.063292
266 -268.155646 0.745823
267 -265.920830 -2.571645
268 -239.103035 -42.381265
269 -336.849919 108.804404
270 -334.615103 105.486936
271 -332.380287 102.169467
272 -330.145470 98.851999
273 -327.910654 95.534531
274 -289.918777 39.137569
275 -287.683961 35.820100
276 -285.449145 32.502632
277 -283.214328 29.185164
278 -280.979512 25.867695
279 -278.744696 22.550227
280 -276.509880 19.232759
281 -274.275063 15.915290
282 -272.040247 12.597822
283 -269.805431 9.280354
284 -267.570614 5.962885
285 -265.335798 2.645417
286 -263.100982 -0.672051
287 -260.866166 -3.989520
288 -240.752819 -33.846735
289 -238.518003 -37.164203
290 -236.283186 -40.481671
291 -334.030071 110.703998
292 -331.795255 107.386529
293 -329.560439 104.069061
294 -327.325622 100.751593
295 -275.924848 24.449821
296 -273.690031 21.132353
297 -271.455215 17.814884
298 -269.220399 14.497416
299 -266.985583 11.179948
300 -264.750766 7.862479
301 -262.515950 4.545011
302 -260.281134 1.227543
303 -258.046317 -2.089926
304 -242.402603 -25.312204
305 -240.167787 -28.629673
306 -237.932971 -31.947141
307 -235.698155 -35.264609
308 -270.870183 23.031946
309 -268.635367 19.714478
310 -266.400551 16.397010
311 -264.165735 13.079541
312 -261.930918 9.762073
313 -259.696102 6.444605
314 -257.461286 3.127136
315 -255.226469 -0.190332
316 -239.582755 -23.412610
317 -237.347939 -26.730079
318 -235.113123 -30.047547
319 -252.406621 1.709262
320 -250.171805 -1.608206
321 -236.762907 -21.513017
322 -234.528091 -24.830485
323 -247.351957 0.291387
324 -245.117141 -3.026081
325 -233.943059 -19.613423
326 -244.532109 2.190981
327 -242.297293 -1.126487
328 -240.062476 -4.443955
329 -237.827660 -7.761424
330 -235.592844 -11.078892
331 -233.358027 -14.396360
332 -241.712261 4.090575
333 -239.477444 0.773107
334 -237.242628 -2.544362
335 -235.007812 -5.861830
336 -232.772996 -9.179298
337 -241.127229 9.307637
338 -238.892413 5.990169
339 -236.657596 2.672701
340 -234.422780 -0.644768
341 -232.187964 -3.962236
342 -238.307381 11.207231
343 -236.072565 7.889763
344 -233.837748 4.572294
345 -231.602932 1.254826
346 -237.722349 16.424293
347 -235.487533 13.106825
348 -233.252716 9.789357
349 -231.017900 6.471888
350 -234.902501 18.323887
351 -232.667685 15.006419
352 -230.432868 11.688950
353 -232.082653 20.223481
354 -229.847837 16.906013
355 -227.613020 13.588544
356 -229.262805 22.123075
357 -227.027988 18.805606
358 -226.442957 24.022669
TOUR_ORDER:
0 231 230 253 273 252 229 204 179 178 203 228 251 272 294 293 271 250 227 202 177 176 201 200 225 226 249 270 292 291 269 248 247 224 223 198 199 174 175 150 151 130 109 90 75 91 110 131 152 153 132 111 92 76 61 62 77 93 112 133 154 155 134 113 94 78 63 47 48 64 79 95 114 135 156 181 180 205 206 207 182 183 158 157 136 115 96 80 65 49 50 66 81 97 116 137 138 117 98 82 67 51 35 36 52 68 83 99 118 119 100 84 69 53 37 26 12 6 3 2 4 7 13 19 27 38 54 55 71 70 85 101 102 86 87 103 120 104 121 139 122 140 159 160 141 161 184 208 232 209 185 162 163 186 210 233 254 274 255 234 211 187 164 142 165 188 212 235 256 275 276 257 236 213 189 166 143 123 124 144 167 190 214 237 258 277 278 259 238 215 191 168 145 125 105 106 126 146 169 192 216 239 260 279 295 308 296 280 261 240 217 193 170 147 127 107 88 73 59 45 33 32 44 43 31 30 42 41 58 72 57 56 39 40 28 29 20 14 21 15 8 9 16 22 23 17 10 5 11 18 24 25 34 46 60 74 89 108 128 129 149 148 171 194 218 241 262 281 297 309 310 298 282 263 242 219 195 172 173 196 220 243 264 283 299 311 312 300 284 265 244 221 197 222 245 246 267 266 285 301 313 314 302 286 287 303 315 319 320 323 324 327 326 332 333 339 338 337 342 347 351 346 350 353 356 358 357 354 355 352 348 343 344 349 345 340 334 328 329 335 341 336 330 331 325 321 316 304 305 317 322 318 306 288 307 289 290 268 1
