# 第16块采样点
# 总点数: 258
# 索引0: 起点, 1: 退出点, 2+: 网格点
# 格式: 索引 X Y

0 4.000000 -16.576923
1 0.000000 -57.647059
2 -41.930561 -32.198178
3 -42.318303 -36.179340
4 -42.706046 -40.160503
5 -43.093789 -44.141666
6 -43.481532 -48.122828
7 -37.771087 -24.565434
8 -38.158830 -28.546597
9 -38.546572 -32.527759
10 -38.934315 -36.508922
11 -39.322058 -40.490084
12 -39.709801 -44.471247
13 -40.097544 -48.452410
14 -40.485287 -52.433572
15 -34.387099 -24.895015
16 -34.774841 -28.876178
17 -35.162584 -32.857341
18 -35.550327 -36.838503
19 -35.938070 -40.819666
20 -36.325813 -44.800828
21 -36.713556 -48.781991
22 -37.101298 -52.763154
23 -37.489041 -56.744316
24 -31.003110 -25.224597
25 -31.390853 -29.205759
26 -31.778596 -33.186922
27 -32.166339 -37.168085
28 -32.554082 -41.149247
29 -32.941825 -45.130410
30 -33.329567 -49.111572
31 -33.717310 -53.092735
32 -34.105053 -57.073897
33 -27.619122 -25.554178
34 -28.006865 -29.535341
35 -28.394608 -33.516503
36 -28.782351 -37.497666
37 -29.170094 -41.478829
38 -29.557836 -45.459991
39 -29.945579 -49.441154
40 -30.333322 -53.422316
41 -30.721065 -57.403479
42 -23.847391 -21.902597
43 -24.235134 -25.883760
44 -24.622877 -29.864922
45 -25.010620 -33.846085
46 -25.398362 -37.827247
47 -25.786105 -41.808410
48 -26.173848 -45.789573
49 -26.561591 -49.770735
50 -26.949334 -53.751898
51 -27.337077 -57.733060
52 -20.463403 -22.232178
53 -20.851146 -26.213341
54 -21.238889 -30.194504
55 -21.626631 -34.175666
56 -22.014374 -38.156829
57 -22.402117 -42.137991
58 -22.789860 -46.119154
59 -23.177603 -50.100317
60 -23.565346 -54.081479
61 -23.953088 -58.062642
62 -17.079415 -22.561760
63 -17.467158 -26.542922
64 -17.854900 -30.524085
65 -18.242643 -34.505248
66 -18.630386 -38.486410
67 -19.018129 -42.467573
68 -19.405872 -46.448735
69 -19.793615 -50.429898
70 -20.181357 -54.411061
71 -20.569100 -58.392223
72 -13.695427 -22.891341
73 -14.083169 -26.872504
74 -14.470912 -30.853666
75 -14.858655 -34.834829
76 -15.246398 -38.815992
77 -15.634141 -42.797154
78 -16.021884 -46.778317
79 -16.409626 -50.759479
80 -16.797369 -54.740642
81 -17.185112 -58.721804
82 -9.923696 -19.239760
83 -10.311438 -23.220923
84 -10.699181 -27.202085
85 -11.086924 -31.183248
86 -11.474667 -35.164410
87 -11.862410 -39.145573
88 -12.250153 -43.126736
89 -12.637895 -47.107898
90 -13.025638 -51.089061
91 -13.413381 -55.070223
92 -13.801124 -59.051386
93 -6.539707 -19.569341
94 -6.927450 -23.550504
95 -7.315193 -27.531667
96 -7.702936 -31.512829
97 -8.090679 -35.493992
98 -8.478422 -39.475154
99 -8.866164 -43.456317
100 -9.253907 -47.437480
101 -9.641650 -51.418642
102 -10.029393 -55.399805
103 -10.417136 -59.380967
104 -3.155719 -19.898923
105 -3.543462 -23.880085
106 -3.931205 -27.861248
107 -4.318948 -31.842411
108 -4.706690 -35.823573
109 -5.094433 -39.804736
110 -5.482176 -43.785898
111 -5.869919 -47.767061
112 -6.257662 -51.748224
113 -6.645405 -55.729386
114 0.228269 -20.228504
115 -0.159474 -24.209667
116 -0.547217 -28.190829
117 -0.934959 -32.171992
118 -1.322702 -36.153155
119 -1.710445 -40.134317
120 -2.098188 -44.115480
121 -2.485931 -48.096642
122 -2.873674 -52.077805
123 -3.261416 -56.058967
124 3.612257 -20.558086
125 3.224514 -24.539248
126 2.836772 -28.520411
127 2.449029 -32.501573
128 2.061286 -36.482736
129 1.673543 -40.463899
130 1.285800 -44.445061
131 0.898057 -48.426224
132 0.510315 -52.407386
133 0.122572 -56.388549
134 7.383988 -16.906504
135 6.996245 -20.887667
136 6.608503 -24.868830
137 6.220760 -28.849992
138 5.833017 -32.831155
139 5.445274 -36.812317
140 5.057531 -40.793480
141 4.669788 -44.774643
142 4.282046 -48.755805
143 3.894303 -52.736968
144 10.767976 -17.236086
145 10.380234 -21.217248
146 9.992491 -25.198411
147 9.604748 -29.179574
148 9.217005 -33.160736
149 8.829262 -37.141899
150 8.441519 -41.123061
151 8.053777 -45.104224
152 7.666034 -49.085387
153 7.278291 -53.066549
154 14.151965 -17.565667
155 13.764222 -21.546830
156 13.376479 -25.527992
157 12.988736 -29.509155
158 12.600993 -33.490318
159 12.213250 -37.471480
160 11.825508 -41.452643
161 11.437765 -45.433805
162 11.050022 -49.414968
163 10.662279 -53.396131
164 17.535953 -17.895249
165 17.148210 -21.876411
166 16.760467 -25.857574
167 16.372724 -29.838736
168 15.984981 -33.819899
169 15.597239 -37.801062
170 15.209496 -41.782224
171 14.821753 -45.763387
172 14.434010 -49.744549
173 21.307684 -14.243667
174 20.919941 -18.224830
175 20.532198 -22.205993
176 20.144455 -26.187155
177 19.756713 -30.168318
178 19.368970 -34.149480
179 18.981227 -38.130643
180 18.593484 -42.111806
181 18.205741 -46.092968
182 17.817998 -50.074131
183 24.691672 -14.573249
184 24.303929 -18.554411
185 23.916186 -22.535574
186 23.528444 -26.516737
187 23.140701 -30.497899
188 22.752958 -34.479062
189 22.365215 -38.460224
190 21.977472 -42.441387
191 21.589729 -46.422550
192 28.075660 -14.902830
193 27.687917 -18.883993
194 27.300175 -22.865155
195 26.912432 -26.846318
196 26.524689 -30.827481
197 26.136946 -34.808643
198 25.749203 -38.789806
199 25.361460 -42.770968
200 24.973718 -46.752131
201 31.459648 -15.232412
202 31.071906 -19.213574
203 30.684163 -23.194737
204 30.296420 -27.175899
205 29.908677 -31.157062
206 29.520934 -35.138225
207 29.133191 -39.119387
208 28.745449 -43.100550
209 28.357706 -47.081712
210 34.843637 -15.561993
211 34.455894 -19.543156
212 34.068151 -23.524318
213 33.680408 -27.505481
214 33.292665 -31.486643
215 32.904922 -35.467806
216 32.517180 -39.448969
217 32.129437 -43.430131
218 31.741694 -47.411294
219 38.227625 -15.891574
220 37.839882 -19.872737
221 37.452139 -23.853900
222 37.064396 -27.835062
223 36.676653 -31.816225
224 36.288911 -35.797387
225 35.901168 -39.778550
226 35.513425 -43.759713
227 35.125682 -47.740875
228 41.611613 -16.221156
229 41.223870 -20.202318
230 40.836127 -24.183481
231 40.448384 -28.164644
232 40.060642 -32.145806
233 39.672899 -36.126969
234 39.285156 -40.108131
235 38.897413 -44.089294
236 44.995601 -16.550737
237 44.607858 -20.531900
238 44.220116 -24.513062
239 43.832373 -28.494225
240 43.444630 -32.475388
241 43.056887 -36.456550
242 42.669144 -40.437713
243 42.281401 -44.418875
244 48.379589 -16.880319
245 47.991847 -20.861481
246 47.604104 -24.842644
247 47.216361 -28.823806
248 46.828618 -32.804969
249 46.440875 -36.786132
250 46.053132 -40.767294
251 51.375835 -21.191063
252 50.988092 -25.172225
253 50.600349 -29.153388
254 50.212606 -33.134550
255 49.824863 -37.115713
256 49.437121 -41.096876
257 53.984337 -29.482969
