# 第18块采样点
# 总点数: 97
# 索引0: 起点, 1: 退出点, 2+: 网格点
# 格式: 索引 X Y

0 -72.000000 -85.000000
1 -100.000000 -53.000000
2 -74.634018 -81.989693
3 -77.268037 -78.979386
4 -74.558761 -87.238916
5 -77.192779 -84.228609
6 -79.826798 -81.218302
7 -82.460816 -78.207995
8 -92.996890 -66.166768
9 -95.630908 -63.156461
10 -98.264927 -60.146155
11 -100.898945 -57.135848
12 -103.532964 -54.125541
13 -74.483503 -92.488138
14 -77.117522 -89.477831
15 -79.751540 -86.467525
16 -82.385558 -83.457218
17 -85.019577 -80.446911
18 -87.653595 -77.436604
19 -90.287614 -74.426297
20 -92.921632 -71.415991
21 -95.555651 -68.405684
22 -98.189669 -65.395377
23 -100.823687 -62.385070
24 -103.457706 -59.374764
25 -106.091724 -56.364457
26 -77.042264 -94.727054
27 -79.676282 -91.716747
28 -82.310301 -88.706440
29 -84.944319 -85.696133
30 -87.578338 -82.685827
31 -90.212356 -79.675520
32 -92.846374 -76.665213
33 -95.480393 -73.654906
34 -98.114411 -70.644600
35 -100.748430 -67.634293
36 -103.382448 -64.623986
37 -106.016467 -61.613679
38 -108.650485 -58.603372
39 -82.235043 -93.955663
40 -84.869061 -90.945356
41 -87.503080 -87.935049
42 -90.137098 -84.924742
43 -92.771117 -81.914436
44 -95.405135 -78.904129
45 -98.039154 -75.893822
46 -100.673172 -72.883515
47 -103.307190 -69.873208
48 -105.941209 -66.862902
49 -108.575227 -63.852595
50 -111.209246 -60.842288
51 -87.427822 -93.184272
52 -90.061841 -90.173965
53 -92.695859 -87.163658
54 -95.329878 -84.153351
55 -97.963896 -81.143044
56 -100.597914 -78.132738
57 -103.231933 -75.122431
58 -105.865951 -72.112124
59 -108.499970 -69.101817
60 -111.133988 -66.091511
61 -113.768007 -63.081204
62 -92.620601 -92.412880
63 -95.254620 -89.402574
64 -97.888638 -86.392267
65 -100.522657 -83.381960
66 -103.156675 -80.371653
67 -105.790694 -77.361347
68 -108.424712 -74.351040
69 -111.058730 -71.340733
70 -113.692749 -68.330426
71 -116.326767 -65.320119
72 -97.813381 -91.641489
73 -100.447399 -88.631183
74 -103.081417 -85.620876
75 -105.715436 -82.610569
76 -108.349454 -79.600262
77 -110.983473 -76.589955
78 -113.617491 -73.579649
79 -116.251510 -70.569342
80 -118.885528 -67.559035
81 -103.006160 -90.870098
82 -105.640178 -87.859791
83 -108.274197 -84.849485
84 -110.908215 -81.839178
85 -113.542234 -78.828871
86 -116.176252 -75.818564
87 -118.810270 -72.808258
88 -105.564921 -93.109014
89 -108.198939 -90.098707
90 -110.832957 -87.088400
91 -113.466976 -84.078094
92 -116.100994 -81.067787
93 -118.735013 -78.057480
94 -110.757700 -92.337623
95 -113.391718 -89.327316
96 -116.025737 -86.317009
