BLOCK_NO: 11
POINTS: 168
COORDINATES:
0 -76.000000 127.000000
1 -68.000000 87.000000
2 -105.613536 84.364352
3 -104.829072 80.442030
4 -104.044607 76.519707
5 -103.848491 92.875792
6 -103.064027 88.953470
7 -102.279562 85.031147
8 -101.495098 81.108824
9 -100.710633 77.186502
10 -103.652375 109.231878
11 -102.867911 105.309555
12 -102.083446 101.387233
13 -101.298981 97.464910
14 -100.514517 93.542587
15 -99.730052 89.620265
16 -98.945588 85.697942
17 -98.161123 81.775619
18 -97.376659 77.853297
19 -96.592194 73.930974
20 -104.240723 129.510287
21 -103.456259 125.587964
22 -102.671794 121.665641
23 -101.887330 117.743318
24 -101.102865 113.820996
25 -100.318401 109.898673
26 -99.533936 105.976350
27 -98.749472 102.054028
28 -97.965007 98.131705
29 -97.180543 94.209382
30 -96.396078 90.287060
31 -95.611614 86.364737
32 -94.827149 82.442414
33 -94.042684 78.520091
34 -93.258220 74.597769
35 -103.260143 141.944049
36 -102.475678 138.021727
37 -101.691214 134.099404
38 -100.906749 130.177081
39 -100.122285 126.254759
40 -99.337820 122.332436
41 -98.553356 118.410113
42 -97.768891 114.487791
43 -96.984426 110.565468
44 -96.199962 106.643145
45 -95.415497 102.720822
46 -94.631033 98.798500
47 -93.846568 94.876177
48 -93.062104 90.953854
49 -92.277639 87.031532
50 -91.493175 83.109209
51 -90.708710 79.186886
52 -89.924246 75.264564
53 -101.495098 150.455490
54 -100.710633 146.533167
55 -99.926168 142.610844
56 -99.141704 138.688522
57 -98.357239 134.766199
58 -97.572775 130.843876
59 -96.788310 126.921554
60 -96.003846 122.999231
61 -95.219381 119.076908
62 -94.434917 115.154585
63 -93.650452 111.232263
64 -92.865988 107.309940
65 -92.081523 103.387617
66 -91.297059 99.465295
67 -90.512594 95.542972
68 -89.728129 91.620649
69 -88.943665 87.698327
70 -88.159200 83.776004
71 -87.374736 79.853681
72 -86.590271 75.931358
73 -85.805807 72.009036
74 -97.376659 147.199962
75 -96.592194 143.277639
76 -95.807730 139.355317
77 -95.023265 135.432994
78 -94.238801 131.510671
79 -93.454336 127.588348
80 -92.669871 123.666026
81 -91.885407 119.743703
82 -91.100942 115.821380
83 -90.316478 111.899058
84 -89.532013 107.976735
85 -88.747549 104.054412
86 -87.963084 100.132089
87 -87.178620 96.209767
88 -86.394155 92.287444
89 -85.609691 88.365121
90 -84.825226 84.442799
91 -84.040762 80.520476
92 -83.256297 76.598153
93 -90.904826 132.177466
94 -90.120362 128.255143
95 -89.335897 124.332821
96 -88.551433 120.410498
97 -87.766968 116.488175
98 -86.982504 112.565852
99 -86.198039 108.643530
100 -85.413574 104.721207
101 -84.629110 100.798884
102 -83.844645 96.876562
103 -83.060181 92.954239
104 -82.275716 89.031916
105 -81.491252 85.109594
106 -80.706787 81.187271
107 -79.922323 77.264948
108 -86.786387 128.921938
109 -86.001923 124.999615
110 -85.217458 121.077293
111 -84.432994 117.154970
112 -83.648529 113.232647
113 -82.864065 109.310325
114 -82.079600 105.388002
115 -81.295136 101.465679
116 -80.510671 97.543357
117 -79.726207 93.621034
118 -78.941742 89.698711
119 -78.157277 85.776388
120 -77.372813 81.854066
121 -83.452413 129.588733
122 -82.667949 125.666410
123 -81.883484 121.744088
124 -81.099020 117.821765
125 -80.314555 113.899442
126 -79.530090 109.977119
127 -78.745626 106.054797
128 -77.961161 102.132474
129 -77.176697 98.210151
130 -76.392232 94.287829
131 -75.607768 90.365506
132 -74.823303 86.443183
133 -74.038839 82.520861
134 -79.333974 126.333205
135 -78.549510 122.410882
136 -77.765045 118.488560
137 -76.980581 114.566237
138 -76.196116 110.643914
139 -75.411652 106.721592
140 -74.627187 102.799269
141 -73.842723 98.876946
142 -73.058258 94.954624
143 -72.273793 91.032301
144 -71.489329 87.109978
145 -75.215535 123.077677
146 -74.431071 119.155355
147 -73.646606 115.233032
148 -72.862142 111.310709
149 -72.077677 107.388386
150 -71.293213 103.466064
151 -70.508748 99.543741
152 -69.724284 95.621418
153 -68.939819 91.699096
154 -68.155355 87.776773
155 -71.097097 119.822149
156 -70.312632 115.899827
157 -69.528168 111.977504
158 -68.743703 108.055181
159 -67.959238 104.132859
160 -67.174774 100.210536
161 -66.390309 96.288213
162 -65.605845 92.365891
163 -64.625264 104.799654
164 -63.840800 100.877331
165 -63.056335 96.955008
166 -60.506825 101.544126
167 -59.722361 97.621803
TOUR_ORDER:
0 134 122 121 108 94 93 78 77 76 75 74 53 54 55 35 36 56 57 37 20 38 58 79 59 39 21 22 40 60 80 95 109 123 110 96 81 61 41 23 24 42 62 82 97 111 124 136 135 145 146 155 156 147 137 125 112 98 83 63 43 25 10 11 26 44 64 84 99 113 126 138 148 157 158 149 139 127 114 100 85 65 45 27 12 13 28 46 66 86 101 115 128 140 150 159 163 164 166 167 165 161 160 151 141 129 116 102 87 67 47 29 14 5 6 15 30 48 68 88 103 117 130 142 152 162 153 143 131 118 104 89 69 49 31 16 17 8 7 2 3 4 9 18 19 34 52 72 73 92 107 106 91 71 51 33 32 50 70 90 105 119 120 133 132 144 154 1
