# 第41块采样点
# 总点数: 92
# 索引0: 起点, 1: 退出点, 2+: 网格点
# 格式: 索引 X Y

0 -346.428571 -195.428571
1 -334.200000 -213.000000
2 -370.777529 -231.867126
3 -368.492646 -235.150311
4 -370.271705 -226.641789
5 -367.986822 -229.924975
6 -365.701938 -233.208160
7 -369.765881 -221.416453
8 -367.480998 -224.699638
9 -365.196114 -227.982824
10 -362.911230 -231.266009
11 -360.626347 -234.549195
12 -369.260057 -216.191116
13 -366.975173 -219.474302
14 -364.690290 -222.757487
15 -362.405406 -226.040673
16 -360.120523 -229.323858
17 -357.835639 -232.607044
18 -355.550756 -235.890229
19 -368.754233 -210.965780
20 -366.469349 -214.248965
21 -364.184466 -217.532151
22 -361.899582 -220.815336
23 -359.614699 -224.098522
24 -357.329815 -227.381707
25 -355.044931 -230.664893
26 -352.760048 -233.948078
27 -368.248409 -205.740443
28 -365.963525 -209.023629
29 -363.678642 -212.306814
30 -361.393758 -215.590000
31 -359.108874 -218.873185
32 -356.823991 -222.156371
33 -354.539107 -225.439556
34 -352.254224 -228.722742
35 -349.969340 -232.005927
36 -367.742585 -200.515107
37 -365.457701 -203.798292
38 -363.172818 -207.081478
39 -360.887934 -210.364663
40 -358.603050 -213.647849
41 -356.318167 -216.931034
42 -354.033283 -220.214220
43 -351.748400 -223.497405
44 -349.463516 -226.780591
45 -347.178633 -230.063776
46 -367.236761 -195.289770
47 -364.951877 -198.572956
48 -362.666993 -201.856141
49 -360.382110 -205.139327
50 -358.097226 -208.422512
51 -355.812343 -211.705698
52 -353.527459 -214.988883
53 -351.242576 -218.272069
54 -348.957692 -221.555254
55 -346.672808 -224.838440
56 -362.161169 -196.630805
57 -359.876286 -199.913990
58 -357.591402 -203.197176
59 -355.306519 -206.480361
60 -353.021635 -209.763547
61 -350.736751 -213.046732
62 -348.451868 -216.329918
63 -346.166984 -219.613103
64 -343.882101 -222.896289
65 -359.370462 -194.688654
66 -357.085578 -197.971839
67 -354.800694 -201.255025
68 -352.515811 -204.538210
69 -350.230927 -207.821396
70 -347.946044 -211.104581
71 -345.661160 -214.387767
72 -343.376277 -217.670952
73 -354.294870 -196.029688
74 -352.009987 -199.312874
75 -349.725103 -202.596059
76 -347.440220 -205.879245
77 -345.155336 -209.162430
78 -342.870453 -212.445616
79 -340.585569 -215.728801
80 -349.219279 -197.370722
81 -346.934396 -200.653908
82 -344.649512 -203.937093
83 -342.364628 -207.220279
84 -340.079745 -210.503464
85 -337.794861 -213.786650
86 -344.143688 -198.711757
87 -341.858804 -201.994942
88 -339.573921 -205.278128
89 -337.289037 -208.561313
90 -335.004154 -211.844499
91 -336.783213 -203.335977
