# 第29块采样点
# 总点数: 50
# 索引0: 起点, 1: 退出点, 2+: 网格点
# 格式: 索引 X Y

0 -221.200000 55.000000
1 -221.800000 67.000000
2 -221.399750 58.995009
3 -221.599501 62.990019
4 -224.595758 54.830212
5 -224.795508 58.825221
6 -224.995259 62.820231
7 -225.195009 66.815240
8 -227.991516 54.660424
9 -228.191266 58.655434
10 -228.391017 62.650443
11 -228.590767 66.645452
12 -228.790518 70.640462
13 -231.387274 54.490636
14 -231.587024 58.485646
15 -231.786775 62.480655
16 -231.986525 66.475664
17 -232.186276 70.470674
18 -234.783032 54.320848
19 -234.982782 58.315858
20 -235.182533 62.310867
21 -235.382283 66.305876
22 -235.582034 70.300886
23 -238.178790 54.151061
24 -238.378540 58.146070
25 -238.578291 62.141079
26 -238.778041 66.136089
27 -238.977792 70.131098
28 -239.177542 74.126107
29 -241.574548 53.981273
30 -241.774298 57.976282
31 -241.974049 61.971291
32 -242.173799 65.966301
33 -242.373550 69.961310
34 -242.573300 73.956319
35 -245.170056 57.806494
36 -245.369807 61.801503
37 -245.569557 65.796513
38 -245.769308 69.791522
39 -245.969058 73.786531
40 -248.565814 57.636706
41 -248.765565 61.631716
42 -248.965315 65.626725
43 -249.165065 69.621734
44 -249.364816 73.616744
45 -251.961572 57.466918
46 -252.161323 61.461928
47 -252.361073 65.456937
48 -252.560823 69.451946
49 -252.760574 73.446956
