# 第37块采样点
# 总点数: 33
# 索引0: 起点, 1: 退出点, 2+: 网格点
# 格式: 索引 X Y

0 -250.943396 -59.943396
1 -312.348837 -61.348837
2 -331.078047 -54.975728
3 -335.077000 -55.067256
4 -339.075953 -55.158784
5 -343.074905 -55.250311
6 -347.073858 -55.341839
7 -351.072811 -55.433366
8 -355.071763 -55.524894
9 -299.008627 -57.642618
10 -303.007580 -57.734145
11 -307.006532 -57.825673
12 -311.005485 -57.917200
13 -315.004438 -58.008728
14 -319.003391 -58.100255
15 -323.002343 -58.191783
16 -327.001296 -58.283311
17 -331.000249 -58.374838
18 -334.999201 -58.466366
19 -258.941302 -60.126451
20 -262.940254 -60.217979
21 -266.939207 -60.309507
22 -270.938160 -60.401034
23 -274.937112 -60.492562
24 -278.936065 -60.584089
25 -282.935018 -60.675617
26 -286.933971 -60.767145
27 -290.932923 -60.858672
28 -294.931876 -60.950200
29 -298.930829 -61.041727
30 -302.929781 -61.133255
31 -306.928734 -61.224782
32 -254.864550 -63.434034
