BLOCK_NO: 28
POINTS: 99
COORDINATES:
0 -196.000000 -5.000000
1 -204.000000 43.000000
2 -173.839017 6.803847
3 -176.535160 2.299315
4 -177.192756 6.244891
5 -177.850352 10.190466
6 -179.231303 -2.205217
7 -179.888899 1.740358
8 -180.546495 5.685934
9 -181.204091 9.631510
10 -181.861687 13.577086
11 -182.519283 17.522661
12 -183.176879 21.468237
13 -185.807263 37.250540
14 -186.464859 41.196115
15 -182.585043 -2.764174
16 -183.242639 1.181402
17 -183.900235 5.126978
18 -184.557830 9.072553
19 -185.215426 13.018129
20 -185.873022 16.963705
21 -186.530618 20.909280
22 -187.188214 24.854856
23 -187.845810 28.800432
24 -188.503406 32.746007
25 -189.161002 36.691583
26 -189.818598 40.637159
27 -185.938782 -3.323130
28 -186.596378 0.622445
29 -187.253974 4.568021
30 -187.911570 8.513597
31 -188.569166 12.459172
32 -189.226762 16.404748
33 -189.884358 20.350324
34 -190.541954 24.295900
35 -191.199550 28.241475
36 -191.857146 32.187051
37 -192.514741 36.132627
38 -193.172337 40.078202
39 -189.292521 -3.882087
40 -189.950117 0.063489
41 -190.607713 4.009065
42 -191.265309 7.954640
43 -191.922905 11.900216
44 -192.580501 15.845792
45 -193.238097 19.791367
46 -193.895693 23.736943
47 -194.553289 27.682519
48 -195.210885 31.628094
49 -195.868481 35.573670
50 -196.526077 39.519246
51 -192.646261 -4.441043
52 -193.303857 -0.495468
53 -193.961453 3.450108
54 -194.619049 7.395684
55 -195.276644 11.341259
56 -195.934240 15.286835
57 -196.591836 19.232411
58 -197.249432 23.177986
59 -197.907028 27.123562
60 -198.564624 31.069138
61 -199.222220 35.014714
62 -199.879816 38.960289
63 -196.657596 -1.054424
64 -197.315192 2.891151
65 -197.972788 6.836727
66 -198.630384 10.782303
67 -199.287980 14.727878
68 -199.945576 18.673454
69 -200.603172 22.619030
70 -201.260768 26.564606
71 -201.918364 30.510181
72 -202.575959 34.455757
73 -203.233555 38.401333
74 -200.011335 -1.613381
75 -200.668931 2.332195
76 -201.326527 6.277771
77 -201.984123 10.223346
78 -202.641719 14.168922
79 -203.299315 18.114498
80 -203.956911 22.060073
81 -204.614507 26.005649
82 -205.272103 29.951225
83 -205.929699 33.896800
84 -203.365075 -2.172337
85 -204.022671 1.773238
86 -204.680267 5.718814
87 -205.337862 9.664390
88 -205.995458 13.609965
89 -206.653054 17.555541
90 -207.310650 21.501117
91 -207.968246 25.446692
92 -206.718814 -2.731294
93 -207.376410 1.214282
94 -208.034006 5.159857
95 -208.691602 9.105433
96 -209.349198 13.051009
97 -210.072553 -3.290251
98 -210.730149 0.655325
TOUR_ORDER:
0 51 39 27 15 6 3 7 16 28 40 52 63 74 84 92 97 98 93 85 75 64 53 41 29 17 8 4 2 5 9 18 30 42 54 65 76 86 94 95 87 77 66 55 43 31 19 10 11 20 32 44 56 67 78 88 96 89 79 68 57 45 33 21 12 22 34 46 58 69 80 90 91 81 70 59 47 35 23 24 36 48 60 71 82 83 72 61 49 37 25 13 14 26 38 50 62 73 1
