BLOCK_NO: 50
POINTS: 41
COORDINATES:
0 -19.916667 -137.083333
1 -19.916667 -137.083333
2 -43.716667 -137.083333
3 -43.716667 -133.083333
4 -43.716667 -129.083333
5 -43.716667 -125.083333
6 -40.316667 -137.083333
7 -40.316667 -133.083333
8 -40.316667 -129.083333
9 -40.316667 -125.083333
10 -40.316667 -121.083333
11 -36.916667 -137.083333
12 -36.916667 -133.083333
13 -36.916667 -129.083333
14 -36.916667 -125.083333
15 -36.916667 -121.083333
16 -33.516667 -137.083333
17 -33.516667 -133.083333
18 -33.516667 -129.083333
19 -33.516667 -125.083333
20 -33.516667 -121.083333
21 -30.116667 -137.083333
22 -30.116667 -133.083333
23 -30.116667 -129.083333
24 -30.116667 -125.083333
25 -30.116667 -121.083333
26 -26.716667 -137.083333
27 -26.716667 -133.083333
28 -26.716667 -129.083333
29 -26.716667 -125.083333
30 -26.716667 -121.083333
31 -23.316667 -137.083333
32 -23.316667 -133.083333
33 -23.316667 -129.083333
34 -23.316667 -125.083333
35 -23.316667 -121.083333
36 -19.916667 -133.083333
37 -19.916667 -129.083333
38 -19.916667 -125.083333
39 -19.916667 -121.083333
40 -16.516667 -125.083333
TOUR_ORDER:
0 36 37 40 38 39 35 34 29 30 25 20 15 10 14 9 5 4 8 13 18 19 24 23 28 33 32 27 22 17 12 7 3 2 6 11 16 21 26 31 1
