BLOCK_NO: 25
POINTS: 103
COORDINATES:
0 -160.000000 -93.000000
1 -195.200000 -85.000000
2 -167.934036 -73.763288
3 -171.834567 -72.876804
4 -175.735098 -71.990319
5 -179.635630 -71.103835
6 -183.536161 -70.217351
7 -164.787016 -77.965224
8 -168.687547 -77.078740
9 -172.588079 -76.192256
10 -176.488610 -75.305771
11 -180.389142 -74.419287
12 -184.289673 -73.532802
13 -165.540528 -81.280676
14 -169.441059 -80.394192
15 -173.341590 -79.507707
16 -177.242122 -78.621223
17 -181.142653 -77.734738
18 -185.043185 -76.848254
19 -188.943716 -75.961770
20 -162.393508 -85.482612
21 -166.294039 -84.596128
22 -170.194571 -83.709643
23 -174.095102 -82.823159
24 -177.995634 -81.936675
25 -181.896165 -81.050190
26 -185.796696 -80.163706
27 -189.697228 -79.277221
28 -163.147020 -88.798064
29 -167.047551 -87.911579
30 -170.948083 -87.025095
31 -174.848614 -86.138611
32 -178.749145 -85.252126
33 -182.649677 -84.365642
34 -186.550208 -83.479157
35 -190.450740 -82.592673
36 -163.900531 -92.113516
37 -167.801063 -91.227031
38 -171.701594 -90.340547
39 -175.602126 -89.454062
40 -179.502657 -88.567578
41 -183.403189 -87.681094
42 -187.303720 -86.794609
43 -191.204251 -85.908125
44 -160.753512 -96.315452
45 -164.654043 -95.428967
46 -168.554575 -94.542483
47 -172.455106 -93.655998
48 -176.355637 -92.769514
49 -180.256169 -91.883030
50 -184.156700 -90.996545
51 -188.057232 -90.110061
52 -191.957763 -89.223576
53 -195.858295 -88.337092
54 -161.507024 -99.630903
55 -165.407555 -98.744419
56 -169.308086 -97.857935
57 -173.208618 -96.971450
58 -177.109149 -96.084966
59 -181.009681 -95.198481
60 -184.910212 -94.311997
61 -188.810743 -93.425513
62 -192.711275 -92.539028
63 -196.611806 -91.652544
64 -162.260535 -102.946355
65 -166.161067 -102.059871
66 -170.061598 -101.173386
67 -173.962130 -100.286902
68 -177.862661 -99.400417
69 -181.763192 -98.513933
70 -185.663724 -97.627449
71 -189.564255 -96.740964
72 -193.464787 -95.854480
73 -197.365318 -94.967995
74 -163.014047 -106.261807
75 -166.914578 -105.375322
76 -170.815110 -104.488838
77 -174.715641 -103.602354
78 -178.616173 -102.715869
79 -182.516704 -101.829385
80 -186.417236 -100.942900
81 -190.317767 -100.056416
82 -194.218298 -99.169932
83 -198.118830 -98.283447
84 -167.668090 -108.690774
85 -171.568622 -107.804290
86 -175.469153 -106.917805
87 -179.369684 -106.031321
88 -183.270216 -105.144836
89 -187.170747 -104.258352
90 -191.071279 -103.371868
91 -194.971810 -102.485383
92 -198.872342 -101.598899
93 -202.772873 -100.712414
94 -176.222665 -110.233257
95 -180.123196 -109.346773
96 -184.023728 -108.460288
97 -187.924259 -107.573804
98 -191.824790 -106.687319
99 -195.725322 -105.800835
100 -184.777239 -111.775740
101 -188.677771 -110.889255
102 -192.578302 -110.002771
TOUR_ORDER:
0 44 54 64 74 84 75 65 55 45 36 28 20 21 29 37 46 56 66 76 85 94 86 77 67 57 47 38 30 22 14 13 7 8 2 3 9 15 23 31 39 48 58 68 78 87 95 100 96 88 79 69 59 49 40 32 24 16 10 4 5 6 12 11 17 25 33 41 50 60 70 80 89 97 101 102 98 90 81 71 61 51 42 34 26 18 19 27 35 43 52 62 72 82 91 99 92 93 83 73 63 53 1
