BLOCK_NO: 52
POINTS: 116
COORDINATES:
0 126.133333 -217.000000
1 156.000000 -192.000000
2 162.408202 -235.409072
3 154.091324 -237.936828
4 157.158590 -235.369362
5 160.225856 -232.801896
6 142.707181 -243.032049
7 145.774447 -240.464583
8 148.841712 -237.897118
9 151.908978 -235.329652
10 154.976244 -232.762186
11 158.043510 -230.194720
12 161.110776 -227.627254
13 140.524835 -240.424873
14 143.592101 -237.857407
15 146.659366 -235.289942
16 149.726632 -232.722476
17 152.793898 -230.155010
18 155.861164 -227.587544
19 158.928430 -225.020078
20 161.995695 -222.452613
21 135.275223 -240.385163
22 138.342489 -237.817697
23 141.409755 -235.250231
24 144.477021 -232.682766
25 147.544286 -230.115300
26 150.611552 -227.547834
27 153.678818 -224.980368
28 156.746084 -222.412903
29 159.813350 -219.845437
30 130.025611 -240.345453
31 133.092877 -237.777987
32 136.160143 -235.210521
33 139.227409 -232.643056
34 142.294675 -230.075590
35 145.361940 -227.508124
36 148.429206 -224.940658
37 151.496472 -222.373192
38 154.563738 -219.805727
39 157.631004 -217.238261
40 160.698269 -214.670795
41 130.910531 -235.170811
42 133.977797 -232.603345
43 137.045063 -230.035880
44 140.112329 -227.468414
45 143.179595 -224.900948
46 146.246860 -222.333482
47 149.314126 -219.766016
48 152.381392 -217.198551
49 155.448658 -214.631085
50 158.515923 -212.063619
51 161.583189 -209.496153
52 128.728185 -232.563635
53 131.795451 -229.996169
54 134.862717 -227.428704
55 137.929983 -224.861238
56 140.997249 -222.293772
57 144.064514 -219.726306
58 147.131780 -217.158841
59 150.199046 -214.591375
60 153.266312 -212.023909
61 156.333578 -209.456443
62 159.400843 -206.888977
63 129.613105 -227.388994
64 132.680371 -224.821528
65 135.747637 -222.254062
66 138.814903 -219.686596
67 141.882168 -217.119130
68 144.949434 -214.551665
69 148.016700 -211.984199
70 151.083966 -209.416733
71 154.151232 -206.849267
72 157.218497 -204.281801
73 160.285763 -201.714336
74 127.430759 -224.781818
75 130.498025 -222.214352
76 133.565291 -219.646886
77 136.632557 -217.079420
78 139.699823 -214.511954
79 142.767088 -211.944489
80 145.834354 -209.377023
81 148.901620 -206.809557
82 151.968886 -204.242091
83 155.036152 -201.674626
84 158.103417 -199.107160
85 128.315679 -219.607176
86 131.382945 -217.039710
87 134.450211 -214.472244
88 137.517477 -211.904779
89 140.584742 -209.337313
90 143.652008 -206.769847
91 146.719274 -204.202381
92 149.786540 -201.634915
93 152.853806 -199.067450
94 155.921071 -196.499984
95 158.988337 -193.932518
96 129.200599 -214.432534
97 132.267865 -211.865068
98 135.335131 -209.297603
99 138.402397 -206.730137
100 141.469662 -204.162671
101 144.536928 -201.595205
102 147.604194 -199.027739
103 150.671460 -196.460274
104 153.738725 -193.892808
105 127.018253 -211.825358
106 130.085519 -209.257893
107 133.152785 -206.690427
108 136.220051 -204.122961
109 139.287316 -201.555495
110 142.354582 -198.988029
111 145.421848 -196.420564
112 127.903173 -206.650717
113 130.970439 -204.083251
114 134.037705 -201.515785
115 137.104970 -198.948319
TOUR_ORDER:
0 85 75 74 63 53 52 41 31 30 21 22 13 6 7 14 23 33 32 42 43 54 64 65 55 44 34 24 15 8 3 9 16 25 35 45 56 66 77 76 86 87 97 96 105 106 112 113 107 98 88 78 67 57 46 36 26 17 10 4 2 5 11 18 27 37 47 58 68 79 89 99 108 114 115 109 100 90 80 69 59 48 38 28 19 12 20 29 39 49 60 70 81 91 101 110 111 102 92 82 71 61 50 40 51 62 72 73 84 83 93 103 104 94 95 1
