BLOCK_NO: 12
POINTS: 159
COORDINATES:
0 -66.000000 85.000000
1 -60.000000 15.000000
2 -78.183896 67.896998
3 -75.137922 72.172749
4 -74.796318 68.187362
5 -72.091948 76.448499
6 -71.750344 72.463112
7 -71.408739 68.477726
8 -69.045974 80.724250
9 -68.704369 76.738863
10 -68.362765 72.753476
11 -68.021160 68.768090
12 -64.946719 32.899610
13 -64.605115 28.914224
14 -64.263510 24.928837
15 -63.921906 20.943451
16 -65.658395 81.014613
17 -65.316791 77.029227
18 -64.975186 73.043840
19 -64.633582 69.058454
20 -62.583954 45.146134
21 -62.242350 41.160747
22 -61.900745 37.175361
23 -61.559141 33.189974
24 -61.217536 29.204588
25 -60.875932 25.219201
26 -60.534327 21.233814
27 -60.192722 17.248428
28 -62.612421 85.290364
29 -62.270817 81.304977
30 -61.929212 77.319591
31 -61.587608 73.334204
32 -61.246003 69.348817
33 -59.537980 49.421885
34 -59.196376 45.436498
35 -58.854771 41.451111
36 -58.513167 37.465725
37 -58.171562 33.480338
38 -57.829957 29.494952
39 -57.488353 25.509565
40 -57.146748 21.524178
41 -56.805144 17.538792
42 -59.566447 89.566114
43 -59.224843 85.580728
44 -58.883238 81.595341
45 -58.541634 77.609955
46 -58.200029 73.624568
47 -57.858425 69.639181
48 -57.516820 65.653795
49 -57.175215 61.668408
50 -56.833611 57.683022
51 -56.492006 53.697635
52 -56.150402 49.712248
53 -55.808797 45.726862
54 -55.467193 41.741475
55 -55.125588 37.756089
56 -54.783983 33.770702
57 -54.442379 29.785315
58 -54.100774 25.799929
59 -53.759170 21.814542
60 -53.417565 17.829156
61 -56.178869 89.856478
62 -55.837264 85.871092
63 -55.495660 81.885705
64 -55.154055 77.900318
65 -54.812450 73.914932
66 -54.470846 69.929545
67 -54.129241 65.944159
68 -53.787637 61.958772
69 -53.446032 57.973385
70 -53.104428 53.987999
71 -52.762823 50.002612
72 -52.421219 46.017226
73 -52.079614 42.031839
74 -51.738009 38.046452
75 -51.396405 34.061066
76 -51.054800 30.075679
77 -50.713196 26.090293
78 -50.371591 22.104906
79 -50.029987 18.119520
80 -53.132895 94.132229
81 -52.791290 90.146842
82 -52.449686 86.161456
83 -52.108081 82.176069
84 -51.766476 78.190682
85 -51.424872 74.205296
86 -51.083267 70.219909
87 -50.741663 66.234523
88 -50.400058 62.249136
89 -50.058454 58.263749
90 -49.716849 54.278363
91 -49.375244 50.292976
92 -49.033640 46.307590
93 -48.692035 42.322203
94 -48.350431 38.336816
95 -48.008826 34.351430
96 -47.667222 30.366043
97 -47.325617 26.380657
98 -46.984013 22.395270
99 -49.745316 94.422593
100 -49.403712 90.437206
101 -49.062107 86.451819
102 -48.720502 82.466433
103 -48.378898 78.481046
104 -48.037293 74.495660
105 -47.695689 70.510273
106 -45.646061 46.597953
107 -45.304457 42.612567
108 -46.016133 90.727570
109 -45.674528 86.742183
110 -45.332924 82.756797
111 -44.991319 78.771410
112 -44.649715 74.786023
113 -44.308110 70.800637
114 -42.628554 91.017934
115 -42.286950 87.032547
116 -41.945345 83.047161
117 -41.603741 79.061774
118 -41.262136 75.076387
119 -39.240976 91.308298
120 -38.899371 87.322911
121 -38.557767 83.337524
122 -38.216162 79.352138
123 -37.874557 75.366751
124 -35.853397 91.598662
125 -35.511793 87.613275
126 -35.170188 83.627888
127 -34.828583 79.642502
128 -34.486979 75.657115
129 -32.465818 91.889025
130 -32.124214 87.903639
131 -31.782609 83.918252
132 -31.441005 79.932866
133 -31.099400 75.947479
134 -29.078240 92.179389
135 -28.736635 88.194003
136 -28.395031 84.208616
137 -28.053426 80.223229
138 -27.711822 76.237843
139 -25.690661 92.469753
140 -25.349057 88.484367
141 -25.007452 84.498980
142 -24.665848 80.513593
143 -22.303083 92.760117
144 -21.961478 88.774730
145 -21.619874 84.789344
146 -21.278269 80.803957
147 -18.915504 93.050481
148 -18.573900 89.065094
149 -18.232295 85.079708
150 -17.890690 81.094321
151 -15.527925 93.340845
152 -15.186321 89.355458
153 -14.844716 85.370072
154 -14.503112 81.384685
155 -12.140347 93.631209
156 -11.798742 89.645822
157 -11.457138 85.660435
158 -11.115533 81.675049
TOUR_ORDER:
0 28 43 42 61 81 80 99 100 108 114 119 124 129 134 139 143 147 151 155 156 152 148 144 140 135 130 125 126 121 120 115 116 110 109 101 102 83 82 62 63 44 29 16 8 5 9 17 30 45 64 84 103 111 117 122 127 132 131 136 141 145 149 153 157 158 154 150 146 142 137 138 133 128 123 118 112 113 105 104 85 65 46 31 18 10 6 3 2 4 7 11 19 32 47 66 86 87 67 48 49 68 88 89 69 50 51 70 90 91 71 52 33 20 34 53 72 92 106 107 93 73 54 35 21 22 36 55 74 94 95 75 56 37 23 12 13 24 38 57 76 96 97 77 58 39 25 14 15 26 40 59 78 98 79 60 41 27 1
