# 第47块采样点
# 总点数: 145
# 索引0: 起点, 1: 退出点, 2+: 网格点
# 格式: 索引 X Y

0 -144.000000 -213.000000
1 -96.000000 -217.000000
2 -130.314105 -241.434772
3 -126.327922 -241.766954
4 -122.341739 -242.099136
5 -118.355556 -242.431318
6 -114.369373 -242.763500
7 -110.383190 -243.095682
8 -106.397007 -243.427864
9 -102.410824 -243.760046
10 -98.424641 -244.092228
11 -94.438458 -244.424410
12 -130.031750 -238.046517
13 -126.045567 -238.378699
14 -122.059384 -238.710881
15 -118.073201 -239.043062
16 -114.087018 -239.375244
17 -110.100835 -239.707426
18 -106.114652 -240.039608
19 -102.128469 -240.371790
20 -98.142286 -240.703972
21 -94.156103 -241.036154
22 -90.169920 -241.368336
23 -86.183737 -241.700518
24 -129.749396 -234.658261
25 -125.763213 -234.990443
26 -121.777030 -235.322625
27 -117.790847 -235.654807
28 -113.804664 -235.986989
29 -109.818480 -236.319171
30 -105.832297 -236.651353
31 -101.846114 -236.983535
32 -97.859931 -237.315717
33 -93.873748 -237.647898
34 -89.887565 -237.980080
35 -129.467041 -231.270006
36 -125.480858 -231.602187
37 -121.494675 -231.934369
38 -117.508492 -232.266551
39 -113.522309 -232.598733
40 -109.536126 -232.930915
41 -105.549943 -233.263097
42 -101.563760 -233.595279
43 -97.577577 -233.927461
44 -93.591394 -234.259643
45 -89.605211 -234.591825
46 -129.184686 -227.881750
47 -125.198503 -228.213932
48 -121.212320 -228.546114
49 -117.226137 -228.878296
50 -113.239954 -229.210478
51 -109.253771 -229.542660
52 -105.267588 -229.874842
53 -101.281405 -230.207023
54 -97.295222 -230.539205
55 -93.309039 -230.871387
56 -128.902332 -224.493494
57 -124.916149 -224.825676
58 -120.929966 -225.157858
59 -116.943783 -225.490040
60 -112.957600 -225.822222
61 -108.971417 -226.154404
62 -104.985234 -226.486586
63 -100.999051 -226.818768
64 -97.012867 -227.150950
65 -93.026684 -227.483132
66 -132.606160 -220.773057
67 -128.619977 -221.105239
68 -124.633794 -221.437421
69 -120.647611 -221.769603
70 -116.661428 -222.101785
71 -112.675245 -222.433967
72 -108.689062 -222.766148
73 -104.702879 -223.098330
74 -100.716696 -223.430512
75 -96.730513 -223.762694
76 -132.323806 -217.384801
77 -128.337622 -217.716983
78 -124.351439 -218.049165
79 -120.365256 -218.381347
80 -116.379073 -218.713529
81 -112.392890 -219.045711
82 -108.406707 -219.377893
83 -104.420524 -219.710075
84 -100.434341 -220.042257
85 -96.448158 -220.374439
86 -140.013817 -213.332182
87 -136.027634 -213.664364
88 -132.041451 -213.996546
89 -128.055268 -214.328728
90 -124.069085 -214.660910
91 -120.082902 -214.993092
92 -116.096719 -215.325273
93 -112.110536 -215.657455
94 -108.124353 -215.989637
95 -104.138170 -216.321819
96 -100.151987 -216.654001
97 -139.731462 -209.943926
98 -135.745279 -210.276108
99 -131.759096 -210.608290
100 -127.772913 -210.940472
101 -123.786730 -211.272654
102 -119.800547 -211.604836
103 -115.814364 -211.937018
104 -111.828181 -212.269200
105 -107.841998 -212.601382
106 -103.855815 -212.933564
107 -99.869632 -213.265746
108 -143.435291 -206.223489
109 -139.449108 -206.555671
110 -135.462925 -206.887853
111 -131.476742 -207.220035
112 -127.490559 -207.552217
113 -123.504376 -207.884398
114 -119.518193 -208.216580
115 -115.532010 -208.548762
116 -111.545826 -208.880944
117 -107.559643 -209.213126
118 -103.573460 -209.545308
119 -143.152936 -202.835233
120 -139.166753 -203.167415
121 -135.180570 -203.499597
122 -131.194387 -203.831779
123 -127.208204 -204.163961
124 -123.222021 -204.496143
125 -119.235838 -204.828325
126 -115.249655 -205.160507
127 -111.263472 -205.492689
128 -107.277289 -205.824871
129 -103.291106 -206.157052
130 -142.870581 -199.446978
131 -138.884398 -199.779160
132 -134.898215 -200.111342
133 -130.912032 -200.443523
134 -126.925849 -200.775705
135 -122.939666 -201.107887
136 -118.953483 -201.440069
137 -114.967300 -201.772251
138 -110.981117 -202.104433
139 -106.994934 -202.436615
140 -122.657312 -197.719632
141 -118.671129 -198.051814
142 -114.684946 -198.383996
143 -110.698763 -198.716177
144 -106.712580 -199.048359
