0 54410 15778 18137 20999 24186 27586 31128 34770 38483 42249 46054 49889 53749 57628 61522 65429 69347 73273 77207 10956 12963 15749 18975 22451 26078 29800 33586 37417 41280 45167 49072 52991 56921 60861 64808 68761 72719 76681 7889 10500 13793 17385 21124 24945 28814 32715 36637 40574 44522 48479 52443 56411 60384 64360 68339 72320 76304 5250 8693 12472 16357 20287 24240 28206 32180 36160 40144 44131 48120 52111 56103 60096 64090 68085 72080 76076 4000 8000 12000 16000 20000 24000 28000 32000 36000 40000 44000 5250 8693 12472 16357 20287 24240 7889 10500 13793
54410 0 48362 44537 40747 37000 33313 29706 26214 22889 19814 17127 15035 13812 13693 14704 16641 19226 22234 25516 51432 47518 43619 39741 35890 32075 28311 24622 21047 17655 14574 12047 10481 10323 11631 14000 16992 20333 23878 50867 46905 42952 39007 35075 31161 27271 23419 19626 15934 12434 9345 7214 6983 8803 11756 15196 18859 22636 50524 46534 42546 38560 34578 30599 26628 22666 18721 14806 10951 7256 4167 3753 6543 10175 14009 17916 21856 50410 46410 42410 38410 34410 30410 26410 22410 18410 14410 10410 50524 46534 174943 183518 198709 227598 348945 355985 366214
15778 48362 0 4000 8000 12000 16000 20000 24000 28000 32000 36000 40000 44000 48000 52000 56000 60000 64000 68000 5250 3400 5250 8693 12472 16357 20287 24240 28206 32180 36160 40144 44131 48120 52111 56103 60096 64090 68085 7889 6800 7889 10500 13793 17385 21124 24945 28814 32715 36637 40574 44522 48479 52443 56411 60384 64360 68339 10956 10200 10956 12963 15749 18975 22451 26078 29800 33586 37417 41280 45167 49072 52991 56921 60861 64808 68761 14176 13600 14176 15778 18137 20999 24186 27586 31128 34770 38483 17464 17000 17464 18788 20809 23345 20788 20400 20788
18137 44537 4000 0 4000 8000 12000 16000 20000 24000 28000 32000 36000 40000 44000 48000 52000 56000 60000 64000 8693 5250 3400 5250 8693 12472 16357 20287 24240 28206 32180 36160 40144 44131 48120 52111 56103 60096 64090 10500 7889 6800 7889 10500 13793 17385 21124 24945 28814 32715 36637 40574 44522 48479 52443 56411 60384 64360 12963 10956 10200 10956 12963 15749 18975 22451 26078 29800 33586 37417 41280 45167 49072 52991 56921 60861 64808 15778 14176 13600 14176 15778 18137 20999 24186 27586 31128 34770 18788 17464 17000 17464 18788 20809 21913 20788 20400
20999 40747 8000 4000 0 4000 8000 12000 16000 20000 24000 28000 32000 36000 40000 44000 48000 52000 56000 60000 12472 8693 5250 3400 5250 8693 12472 16357 20287 24240 28206 32180 36160 40144 44131 48120 52111 56103 60096 13793 10500 7889 6800 7889 10500 13793 17385 21124 24945 28814 32715 36637 40574 44522 48479 52443 56411 60384 15749 12963 10956 10200 10956 12963 15749 18975 22451 26078 29800 33586 37417 41280 45167 49072 52991 56921 60861 18137 15778 14176 13600 14176 15778 18137 20999 24186 27586 31128 20809 18788 17464 17000 17464 18788 23668 21913 20788
24186 37000 12000 8000 4000 0 4000 8000 12000 16000 20000 24000 28000 32000 36000 40000 44000 48000 52000 56000 16357 12472 8693 5250 3400 5250 8693 12472 16357 20287 24240 28206 32180 36160 40144 44131 48120 52111 56103 17385 13793 10500 7889 6800 7889 10500 13793 17385 21124 24945 28814 32715 36637 40574 44522 48479 52443 56411 18975 15749 12963 10956 10200 10956 12963 15749 18975 22451 26078 29800 33586 37417 41280 45167 49072 52991 56921 20999 18137 15778 14176 13600 14176 15778 18137 20999 24186 27586 23345 20809 18788 17464 17000 17464 25926 23668 21913
27586 33313 16000 12000 8000 4000 0 4000 8000 12000 16000 20000 24000 28000 32000 36000 40000 44000 48000 52000 20287 16357 12472 8693 5250 3400 5250 8693 12472 16357 20287 24240 28206 32180 36160 40144 44131 48120 52111 21124 17385 13793 10500 7889 6800 7889 10500 13793 17385 21124 24945 28814 32715 36637 40574 44522 48479 52443 22451 18975 15749 12963 10956 10200 10956 12963 15749 18975 22451 26078 29800 33586 37417 41280 45167 49072 52991 24186 20999 18137 15778 14176 13600 14176 15778 18137 20999 24186 26249 23345 20809 18788 17464 17000 28569 25926 23668
31128 29706 20000 16000 12000 8000 4000 0 4000 8000 12000 16000 20000 24000 28000 32000 36000 40000 44000 48000 24240 20287 16357 12472 8693 5250 3400 5250 8693 12472 16357 20287 24240 28206 32180 36160 40144 44131 48120 24945 21124 17385 13793 10500 7889 6800 7889 10500 13793 17385 21124 24945 28814 32715 36637 40574 44522 48479 26078 22451 18975 15749 12963 10956 10200 10956 12963 15749 18975 22451 26078 29800 33586 37417 41280 45167 49072 27586 24186 20999 18137 15778 14176 13600 14176 15778 18137 20999 29411 26249 23345 20809 18788 17464 31499 28569 25926
34770 26214 24000 20000 16000 12000 8000 4000 0 4000 8000 12000 16000 20000 24000 28000 32000 36000 40000 44000 28206 24240 20287 16357 12472 8693 5250 3400 5250 8693 12472 16357 20287 24240 28206 32180 36160 40144 44131 28814 24945 21124 17385 13793 10500 7889 6800 7889 10500 13793 17385 21124 24945 28814 32715 36637 40574 44522 29800 26078 22451 18975 15749 12963 10956 10200 10956 12963 15749 18975 22451 26078 29800 33586 37417 41280 45167 31128 27586 24186 20999 18137 15778 14176 13600 14176 15778 18137 32757 29411 26249 23345 20809 18788 34643 31499 28569
38483 22889 28000 24000 20000 16000 12000 8000 4000 0 4000 8000 12000 16000 20000 24000 28000 32000 36000 40000 32180 28206 24240 20287 16357 12472 8693 5250 3400 5250 8693 12472 16357 20287 24240 28206 32180 36160 40144 32715 28814 24945 21124 17385 13793 10500 7889 6800 7889 10500 13793 17385 21124 24945 28814 32715 36637 40574 33586 29800 26078 22451 18975 15749 12963 10956 10200 10956 12963 15749 18975 22451 26078 29800 33586 37417 41280 34770 31128 27586 24186 20999 18137 15778 14176 13600 14176 15778 36235 32757 29411 26249 23345 20809 37949 34643 31499
42249 19814 32000 28000 24000 20000 16000 12000 8000 4000 0 4000 8000 12000 16000 20000 24000 28000 32000 36000 36160 32180 28206 24240 20287 16357 12472 8693 5250 3400 5250 8693 12472 16357 20287 24240 28206 32180 36160 36637 32715 28814 24945 21124 17385 13793 10500 7889 6800 7889 10500 13793 17385 21124 24945 28814 32715 36637 37417 33586 29800 26078 22451 18975 15749 12963 10956 10200 10956 12963 15749 18975 22451 26078 29800 33586 37417 38483 34770 31128 27586 24186 20999 18137 15778 14176 13600 14176 39812 36235 32757 29411 26249 23345 41378 37949 34643
46054 17127 36000 32000 28000 24000 20000 16000 12000 8000 4000 0 4000 8000 12000 16000 20000 24000 28000 32000 40144 36160 32180 28206 24240 20287 16357 12472 8693 5250 3400 5250 8693 12472 16357 20287 24240 28206 32180 40574 36637 32715 28814 24945 21124 17385 13793 10500 7889 6800 7889 10500 13793 17385 21124 24945 28814 32715 41280 37417 33586 29800 26078 22451 18975 15749 12963 10956 10200 10956 12963 15749 18975 22451 26078 29800 33586 42249 38483 34770 31128 27586 24186 20999 18137 15778 14176 13600 43463 39812 36235 32757 29411 26249 44902 41378 37949
49889 15035 40000 36000 32000 28000 24000 20000 16000 12000 8000 4000 0 4000 8000 12000 16000 20000 24000 28000 44131 40144 36160 32180 28206 24240 20287 16357 12472 8693 5250 3400 5250 8693 12472 16357 20287 24240 28206 44522 40574 36637 32715 28814 24945 21124 17385 13793 10500 7889 6800 7889 10500 13793 17385 21124 24945 28814 45167 41280 37417 33586 29800 26078 22451 18975 15749 12963 10956 10200 10956 12963 15749 18975 22451 26078 29800 46054 42249 38483 34770 31128 27586 24186 20999 18137 15778 14176 47170 43463 39812 36235 32757 29411 48499 44902 41378
53749 13812 44000 40000 36000 32000 28000 24000 20000 16000 12000 8000 4000 0 4000 8000 12000 16000 20000 24000 48120 44131 40144 36160 32180 28206 24240 20287 16357 12472 8693 5250 3400 5250 8693 12472 16357 20287 24240 48479 44522 40574 36637 32715 28814 24945 21124 17385 13793 10500 7889 6800 7889 10500 13793 17385 21124 24945 49072 45167 41280 37417 33586 29800 26078 22451 18975 15749 12963 10956 10200 10956 12963 15749 18975 22451 26078 49889 46054 42249 38483 34770 31128 27586 24186 20999 18137 15778 50922 47170 43463 39812 36235 32757 52155 48499 44902
57628 13693 48000 44000 40000 36000 32000 28000 24000 20000 16000 12000 8000 4000 0 4000 8000 12000 16000 20000 52111 48120 44131 40144 36160 32180 28206 24240 20287 16357 12472 8693 5250 3400 5250 8693 12472 16357 20287 52443 48479 44522 40574 36637 32715 28814 24945 21124 17385 13793 10500 7889 6800 7889 10500 13793 17385 21124 52991 49072 45167 41280 37417 33586 29800 26078 22451 18975 15749 12963 10956 10200 10956 12963 15749 18975 22451 53749 49889 46054 42249 38483 34770 31128 27586 24186 20999 18137 54708 50922 47170 43463 39812 36235 55858 52155 48499
61522 14704 52000 48000 44000 40000 36000 32000 28000 24000 20000 16000 12000 8000 4000 0 4000 8000 12000 16000 56103 52111 48120 44131 40144 36160 32180 28206 24240 20287 16357 12472 8693 5250 3400 5250 8693 12472 16357 56411 52443 48479 44522 40574 36637 32715 28814 24945 21124 17385 13793 10500 7889 6800 7889 10500 13793 17385 56921 52991 49072 45167 41280 37417 33586 29800 26078 22451 18975 15749 12963 10956 10200 10956 12963 15749 18975 57628 53749 49889 46054 42249 38483 34770 31128 27586 24186 20999 58523 54708 50922 47170 43463 39812 59600 55858 52155
65429 16641 56000 52000 48000 44000 40000 36000 32000 28000 24000 20000 16000 12000 8000 4000 0 4000 8000 12000 60096 56103 52111 48120 44131 40144 36160 32180 28206 24240 20287 16357 12472 8693 5250 3400 5250 8693 12472 60384 56411 52443 48479 44522 40574 36637 32715 28814 24945 21124 17385 13793 10500 7889 6800 7889 10500 13793 60861 56921 52991 49072 45167 41280 37417 33586 29800 26078 22451 18975 15749 12963 10956 10200 10956 12963 15749 61522 57628 53749 49889 46054 42249 38483 34770 31128 27586 24186 62362 58523 54708 50922 47170 43463 63373 59600 55858
69347 19226 60000 56000 52000 48000 44000 40000 36000 32000 28000 24000 20000 16000 12000 8000 4000 0 4000 8000 64090 60096 56103 52111 48120 44131 40144 36160 32180 28206 24240 20287 16357 12472 8693 5250 3400 5250 8693 64360 60384 56411 52443 48479 44522 40574 36637 32715 28814 24945 21124 17385 13793 10500 7889 6800 7889 10500 64808 60861 56921 52991 49072 45167 41280 37417 33586 29800 26078 22451 18975 15749 12963 10956 10200 10956 12963 65429 61522 57628 53749 49889 46054 42249 38483 34770 31128 27586 66219 62362 58523 54708 50922 47170 67173 63373 59600
73273 22234 64000 60000 56000 52000 48000 44000 40000 36000 32000 28000 24000 20000 16000 12000 8000 4000 0 4000 68085 64090 60096 56103 52111 48120 44131 40144 36160 32180 28206 24240 20287 16357 12472 8693 5250 3400 5250 68339 64360 60384 56411 52443 48479 44522 40574 36637 32715 28814 24945 21124 17385 13793 10500 7889 6800 7889 68761 64808 60861 56921 52991 49072 45167 41280 37417 33586 29800 26078 22451 18975 15749 12963 10956 10200 10956 69347 65429 61522 57628 53749 49889 46054 42249 38483 34770 31128 70093 66219 62362 58523 54708 50922 70994 67173 63373
77207 25516 68000 64000 60000 56000 52000 48000 44000 40000 36000 32000 28000 24000 20000 16000 12000 8000 4000 0 72080 68085 64090 60096 56103 52111 48120 44131 40144 36160 32180 28206 24240 20287 16357 12472 8693 5250 3400 72320 68339 64360 60384 56411 52443 48479 44522 40574 36637 32715 28814 24945 21124 17385 13793 10500 7889 6800 72719 68761 64808 60861 56921 52991 49072 45167 41280 37417 33586 29800 26078 22451 18975 15749 12963 10956 10200 73273 69347 65429 61522 57628 53749 49889 46054 42249 38483 34770 73980 70093 66219 62362 58523 54708 74834 70994 67173
10956 51432 5250 8693 12472 16357 20287 24240 28206 32180 36160 40144 44131 48120 52111 56103 60096 64090 68085 72080 0 4000 8000 12000 16000 20000 24000 28000 32000 36000 40000 44000 48000 52000 56000 60000 64000 68000 72000 3400 5250 8693 12472 16357 20287 24240 28206 32180 36160 40144 44131 48120 52111 56103 60096 64090 68085 72080 6800 7889 10500 13793 17385 21124 24945 28814 32715 36637 40574 44522 48479 52443 56411 60384 64360 68339 72320 10200 10956 12963 15749 18975 22451 26078 29800 33586 37417 41280 13600 14176 15778 18137 20999 24186 17000 17464 18788
12963 47518 3400 5250 8693 12472 16357 20287 24240 28206 32180 36160 40144 44131 48120 52111 56103 60096 64090 68085 4000 0 4000 8000 12000 16000 20000 24000 28000 32000 36000 40000 44000 48000 52000 56000 60000 64000 68000 5250 3400 5250 8693 12472 16357 20287 24240 28206 32180 36160 40144 44131 48120 52111 56103 60096 64090 68085 7889 6800 7889 10500 13793 17385 21124 24945 28814 32715 36637 40574 44522 48479 52443 56411 60384 64360 68339 10956 10200 10956 12963 15749 18975 22451 26078 29800 33586 37417 14176 13600 14176 15778 18137 20999 17464 17000 17464
15749 43619 5250 3400 5250 8693 12472 16357 20287 24240 28206 32180 36160 40144 44131 48120 52111 56103 60096 64090 8000 4000 0 4000 8000 12000 16000 20000 24000 28000 32000 36000 40000 44000 48000 52000 56000 60000 64000 8693 5250 3400 5250 8693 12472 16357 20287 24240 28206 32180 36160 40144 44131 48120 52111 56103 60096 64090 10500 7889 6800 7889 10500 13793 17385 21124 24945 28814 32715 36637 40574 44522 48479 52443 56411 60384 64360 12963 10956 10200 10956 12963 15749 18975 22451 26078 29800 33586 15778 14176 13600 14176 15778 18137 18788 17464 17000
18975 39741 8693 5250 3400 5250 8693 12472 16357 20287 24240 28206 32180 36160 40144 44131 48120 52111 56103 60096 12000 8000 4000 0 4000 8000 12000 16000 20000 24000 28000 32000 36000 40000 44000 48000 52000 56000 60000 12472 8693 5250 3400 5250 8693 12472 16357 20287 24240 28206 32180 36160 40144 44131 48120 52111 56103 60096 13793 10500 7889 6800 7889 10500 13793 17385 21124 24945 28814 32715 36637 40574 44522 48479 52443 56411 60384 15749 12963 10956 10200 10956 12963 15749 18975 22451 26078 29800 18137 15778 14176 13600 14176 15778 20809 18788 17464
22451 35890 12472 8693 5250 3400 5250 8693 12472 16357 20287 24240 28206 32180 36160 40144 44131 48120 52111 56103 16000 12000 8000 4000 0 4000 8000 12000 16000 20000 24000 28000 32000 36000 40000 44000 48000 52000 56000 16357 12472 8693 5250 3400 5250 8693 12472 16357 20287 24240 28206 32180 36160 40144 44131 48120 52111 56103 17385 13793 10500 7889 6800 7889 10500 13793 17385 21124 24945 28814 32715 36637 40574 44522 48479 52443 56411 18975 15749 12963 10956 10200 10956 12963 15749 18975 22451 26078 20999 18137 15778 14176 13600 14176 23345 20809 18788
26078 32075 16357 12472 8693 5250 3400 5250 8693 12472 16357 20287 24240 28206 32180 36160 40144 44131 48120 52111 20000 16000 12000 8000 4000 0 4000 8000 12000 16000 20000 24000 28000 32000 36000 40000 44000 48000 52000 20287 16357 12472 8693 5250 3400 5250 8693 12472 16357 20287 24240 28206 32180 36160 40144 44131 48120 52111 21124 17385 13793 10500 7889 6800 7889 10500 13793 17385 21124 24945 28814 32715 36637 40574 44522 48479 52443 22451 18975 15749 12963 10956 10200 10956 12963 15749 18975 22451 24186 20999 18137 15778 14176 13600 26249 23345 20809
29800 28311 20287 16357 12472 8693 5250 3400 5250 8693 12472 16357 20287 24240 28206 32180 36160 40144 44131 48120 24000 20000 16000 12000 8000 4000 0 4000 8000 12000 16000 20000 24000 28000 32000 36000 40000 44000 48000 24240 20287 16357 12472 8693 5250 3400 5250 8693 12472 16357 20287 24240 28206 32180 36160 40144 44131 48120 24945 21124 17385 13793 10500 7889 6800 7889 10500 13793 17385 21124 24945 28814 32715 36637 40574 44522 48479 26078 22451 18975 15749 12963 10956 10200 10956 12963 15749 18975 27586 24186 20999 18137 15778 14176 29411 26249 23345
33586 24622 24240 20287 16357 12472 8693 5250 3400 5250 8693 12472 16357 20287 24240 28206 32180 36160 40144 44131 28000 24000 20000 16000 12000 8000 4000 0 4000 8000 12000 16000 20000 24000 28000 32000 36000 40000 44000 28206 24240 20287 16357 12472 8693 5250 3400 5250 8693 12472 16357 20287 24240 28206 32180 36160 40144 44131 28814 24945 21124 17385 13793 10500 7889 6800 7889 10500 13793 17385 21124 24945 28814 32715 36637 40574 44522 29800 26078 22451 18975 15749 12963 10956 10200 10956 12963 15749 31128 27586 24186 20999 18137 15778 32757 29411 26249
37417 21047 28206 24240 20287 16357 12472 8693 5250 3400 5250 8693 12472 16357 20287 24240 28206 32180 36160 40144 32000 28000 24000 20000 16000 12000 8000 4000 0 4000 8000 12000 16000 20000 24000 28000 32000 36000 40000 32180 28206 24240 20287 16357 12472 8693 5250 3400 5250 8693 12472 16357 20287 24240 28206 32180 36160 40144 32715 28814 24945 21124 17385 13793 10500 7889 6800 7889 10500 13793 17385 21124 24945 28814 32715 36637 40574 33586 29800 26078 22451 18975 15749 12963 10956 10200 10956 12963 34770 31128 27586 24186 20999 18137 36235 32757 29411
41280 17655 32180 28206 24240 20287 16357 12472 8693 5250 3400 5250 8693 12472 16357 20287 24240 28206 32180 36160 36000 32000 28000 24000 20000 16000 12000 8000 4000 0 4000 8000 12000 16000 20000 24000 28000 32000 36000 36160 32180 28206 24240 20287 16357 12472 8693 5250 3400 5250 8693 12472 16357 20287 24240 28206 32180 36160 36637 32715 28814 24945 21124 17385 13793 10500 7889 6800 7889 10500 13793 17385 21124 24945 28814 32715 36637 37417 33586 29800 26078 22451 18975 15749 12963 10956 10200 10956 38483 34770 31128 27586 24186 20999 39812 36235 32757
45167 14574 36160 32180 28206 24240 20287 16357 12472 8693 5250 3400 5250 8693 12472 16357 20287 24240 28206 32180 40000 36000 32000 28000 24000 20000 16000 12000 8000 4000 0 4000 8000 12000 16000 20000 24000 28000 32000 40144 36160 32180 28206 24240 20287 16357 12472 8693 5250 3400 5250 8693 12472 16357 20287 24240 28206 32180 40574 36637 32715 28814 24945 21124 17385 13793 10500 7889 6800 7889 10500 13793 17385 21124 24945 28814 32715 41280 37417 33586 29800 26078 22451 18975 15749 12963 10956 10200 42249 38483 34770 31128 27586 24186 43463 39812 36235
49072 12047 40144 36160 32180 28206 24240 20287 16357 12472 8693 5250 3400 5250 8693 12472 16357 20287 24240 28206 44000 40000 36000 32000 28000 24000 20000 16000 12000 8000 4000 0 4000 8000 12000 16000 20000 24000 28000 44131 40144 36160 32180 28206 24240 20287 16357 12472 8693 5250 3400 5250 8693 12472 16357 20287 24240 28206 44522 40574 36637 32715 28814 24945 21124 17385 13793 10500 7889 6800 7889 10500 13793 17385 21124 24945 28814 45167 41280 37417 33586 29800 26078 22451 18975 15749 12963 10956 46054 42249 38483 34770 31128 27586 47170 43463 39812
52991 10481 44131 40144 36160 32180 28206 24240 20287 16357 12472 8693 5250 3400 5250 8693 12472 16357 20287 24240 48000 44000 40000 36000 32000 28000 24000 20000 16000 12000 8000 4000 0 4000 8000 12000 16000 20000 24000 48120 44131 40144 36160 32180 28206 24240 20287 16357 12472 8693 5250 3400 5250 8693 12472 16357 20287 24240 48479 44522 40574 36637 32715 28814 24945 21124 17385 13793 10500 7889 6800 7889 10500 13793 17385 21124 24945 49072 45167 41280 37417 33586 29800 26078 22451 18975 15749 12963 49889 46054 42249 38483 34770 31128 50922 47170 43463
56921 10323 48120 44131 40144 36160 32180 28206 24240 20287 16357 12472 8693 5250 3400 5250 8693 12472 16357 20287 52000 48000 44000 40000 36000 32000 28000 24000 20000 16000 12000 8000 4000 0 4000 8000 12000 16000 20000 52111 48120 44131 40144 36160 32180 28206 24240 20287 16357 12472 8693 5250 3400 5250 8693 12472 16357 20287 52443 48479 44522 40574 36637 32715 28814 24945 21124 17385 13793 10500 7889 6800 7889 10500 13793 17385 21124 52991 49072 45167 41280 37417 33586 29800 26078 22451 18975 15749 53749 49889 46054 42249 38483 34770 54708 50922 47170
60861 11631 52111 48120 44131 40144 36160 32180 28206 24240 20287 16357 12472 8693 5250 3400 5250 8693 12472 16357 56000 52000 48000 44000 40000 36000 32000 28000 24000 20000 16000 12000 8000 4000 0 4000 8000 12000 16000 56103 52111 48120 44131 40144 36160 32180 28206 24240 20287 16357 12472 8693 5250 3400 5250 8693 12472 16357 56411 52443 48479 44522 40574 36637 32715 28814 24945 21124 17385 13793 10500 7889 6800 7889 10500 13793 17385 56921 52991 49072 45167 41280 37417 33586 29800 26078 22451 18975 57628 53749 49889 46054 42249 38483 58523 54708 50922
64808 14000 56103 52111 48120 44131 40144 36160 32180 28206 24240 20287 16357 12472 8693 5250 3400 5250 8693 12472 60000 56000 52000 48000 44000 40000 36000 32000 28000 24000 20000 16000 12000 8000 4000 0 4000 8000 12000 60096 56103 52111 48120 44131 40144 36160 32180 28206 24240 20287 16357 12472 8693 5250 3400 5250 8693 12472 60384 56411 52443 48479 44522 40574 36637 32715 28814 24945 21124 17385 13793 10500 7889 6800 7889 10500 13793 60861 56921 52991 49072 45167 41280 37417 33586 29800 26078 22451 61522 57628 53749 49889 46054 42249 62362 58523 54708
68761 16992 60096 56103 52111 48120 44131 40144 36160 32180 28206 24240 20287 16357 12472 8693 5250 3400 5250 8693 64000 60000 56000 52000 48000 44000 40000 36000 32000 28000 24000 20000 16000 12000 8000 4000 0 4000 8000 64090 60096 56103 52111 48120 44131 40144 36160 32180 28206 24240 20287 16357 12472 8693 5250 3400 5250 8693 64360 60384 56411 52443 48479 44522 40574 36637 32715 28814 24945 21124 17385 13793 10500 7889 6800 7889 10500 64808 60861 56921 52991 49072 45167 41280 37417 33586 29800 26078 65429 61522 57628 53749 49889 46054 66219 62362 58523
72719 20333 64090 60096 56103 52111 48120 44131 40144 36160 32180 28206 24240 20287 16357 12472 8693 5250 3400 5250 68000 64000 60000 56000 52000 48000 44000 40000 36000 32000 28000 24000 20000 16000 12000 8000 4000 0 4000 68085 64090 60096 56103 52111 48120 44131 40144 36160 32180 28206 24240 20287 16357 12472 8693 5250 3400 5250 68339 64360 60384 56411 52443 48479 44522 40574 36637 32715 28814 24945 21124 17385 13793 10500 7889 6800 7889 68761 64808 60861 56921 52991 49072 45167 41280 37417 33586 29800 69347 65429 61522 57628 53749 49889 70093 66219 62362
76681 23878 68085 64090 60096 56103 52111 48120 44131 40144 36160 32180 28206 24240 20287 16357 12472 8693 5250 3400 72000 68000 64000 60000 56000 52000 48000 44000 40000 36000 32000 28000 24000 20000 16000 12000 8000 4000 0 72080 68085 64090 60096 56103 52111 48120 44131 40144 36160 32180 28206 24240 20287 16357 12472 8693 5250 3400 72320 68339 64360 60384 56411 52443 48479 44522 40574 36637 32715 28814 24945 21124 17385 13793 10500 7889 6800 72719 68761 64808 60861 56921 52991 49072 45167 41280 37417 33586 73273 69347 65429 61522 57628 53749 73980 70093 66219
7889 50867 7889 10500 13793 17385 21124 24945 28814 32715 36637 40574 44522 48479 52443 56411 60384 64360 68339 72320 3400 5250 8693 12472 16357 20287 24240 28206 32180 36160 40144 44131 48120 52111 56103 60096 64090 68085 72080 0 4000 8000 12000 16000 20000 24000 28000 32000 36000 40000 44000 48000 52000 56000 60000 64000 68000 72000 3400 5250 8693 12472 16357 20287 24240 28206 32180 36160 40144 44131 48120 52111 56103 60096 64090 68085 72080 6800 7889 10500 13793 17385 21124 24945 28814 32715 36637 40574 10200 10956 12963 15749 18975 22451 13600 14176 15778
10500 46905 6800 7889 10500 13793 17385 21124 24945 28814 32715 36637 40574 44522 48479 52443 56411 60384 64360 68339 5250 3400 5250 8693 12472 16357 20287 24240 28206 32180 36160 40144 44131 48120 52111 56103 60096 64090 68085 4000 0 4000 8000 12000 16000 20000 24000 28000 32000 36000 40000 44000 48000 52000 56000 60000 64000 68000 5250 3400 5250 8693 12472 16357 20287 24240 28206 32180 36160 40144 44131 48120 52111 56103 60096 64090 68085 7889 6800 7889 10500 13793 17385 21124 24945 28814 32715 36637 10956 10200 10956 12963 15749 18975 14176 13600 14176
13793 42952 7889 6800 7889 10500 13793 17385 21124 24945 28814 32715 36637 40574 44522 48479 52443 56411 60384 64360 8693 5250 3400 5250 8693 12472 16357 20287 24240 28206 32180 36160 40144 44131 48120 52111 56103 60096 64090 8000 4000 0 4000 8000 12000 16000 20000 24000 28000 32000 36000 40000 44000 48000 52000 56000 60000 64000 8693 5250 3400 5250 8693 12472 16357 20287 24240 28206 32180 36160 40144 44131 48120 52111 56103 60096 64090 10500 7889 6800 7889 10500 13793 17385 21124 24945 28814 32715 12963 10956 10200 10956 12963 15749 15778 14176 13600
17385 39007 10500 7889 6800 7889 10500 13793 17385 21124 24945 28814 32715 36637 40574 44522 48479 52443 56411 60384 12472 8693 5250 3400 5250 8693 12472 16357 20287 24240 28206 32180 36160 40144 44131 48120 52111 56103 60096 12000 8000 4000 0 4000 8000 12000 16000 20000 24000 28000 32000 36000 40000 44000 48000 52000 56000 60000 12472 8693 5250 3400 5250 8693 12472 16357 20287 24240 28206 32180 36160 40144 44131 48120 52111 56103 60096 13793 10500 7889 6800 7889 10500 13793 17385 21124 24945 28814 15749 12963 10956 10200 10956 12963 18137 15778 14176
21124 35075 13793 10500 7889 6800 7889 10500 13793 17385 21124 24945 28814 32715 36637 40574 44522 48479 52443 56411 16357 12472 8693 5250 3400 5250 8693 12472 16357 20287 24240 28206 32180 36160 40144 44131 48120 52111 56103 16000 12000 8000 4000 0 4000 8000 12000 16000 20000 24000 28000 32000 36000 40000 44000 48000 52000 56000 16357 12472 8693 5250 3400 5250 8693 12472 16357 20287 24240 28206 32180 36160 40144 44131 48120 52111 56103 17385 13793 10500 7889 6800 7889 10500 13793 17385 21124 24945 18975 15749 12963 10956 10200 10956 20999 18137 15778
24945 31161 17385 13793 10500 7889 6800 7889 10500 13793 17385 21124 24945 28814 32715 36637 40574 44522 48479 52443 20287 16357 12472 8693 5250 3400 5250 8693 12472 16357 20287 24240 28206 32180 36160 40144 44131 48120 52111 20000 16000 12000 8000 4000 0 4000 8000 12000 16000 20000 24000 28000 32000 36000 40000 44000 48000 52000 20287 16357 12472 8693 5250 3400 5250 8693 12472 16357 20287 24240 28206 32180 36160 40144 44131 48120 52111 21124 17385 13793 10500 7889 6800 7889 10500 13793 17385 21124 22451 18975 15749 12963 10956 10200 24186 20999 18137
28814 27271 21124 17385 13793 10500 7889 6800 7889 10500 13793 17385 21124 24945 28814 32715 36637 40574 44522 48479 24240 20287 16357 12472 8693 5250 3400 5250 8693 12472 16357 20287 24240 28206 32180 36160 40144 44131 48120 24000 20000 16000 12000 8000 4000 0 4000 8000 12000 16000 20000 24000 28000 32000 36000 40000 44000 48000 24240 20287 16357 12472 8693 5250 3400 5250 8693 12472 16357 20287 24240 28206 32180 36160 40144 44131 48120 24945 21124 17385 13793 10500 7889 6800 7889 10500 13793 17385 26078 22451 18975 15749 12963 10956 27586 24186 20999
32715 23419 24945 21124 17385 13793 10500 7889 6800 7889 10500 13793 17385 21124 24945 28814 32715 36637 40574 44522 28206 24240 20287 16357 12472 8693 5250 3400 5250 8693 12472 16357 20287 24240 28206 32180 36160 40144 44131 28000 24000 20000 16000 12000 8000 4000 0 4000 8000 12000 16000 20000 24000 28000 32000 36000 40000 44000 28206 24240 20287 16357 12472 8693 5250 3400 5250 8693 12472 16357 20287 24240 28206 32180 36160 40144 44131 28814 24945 21124 17385 13793 10500 7889 6800 7889 10500 13793 29800 26078 22451 18975 15749 12963 31128 27586 24186
36637 19626 28814 24945 21124 17385 13793 10500 7889 6800 7889 10500 13793 17385 21124 24945 28814 32715 36637 40574 32180 28206 24240 20287 16357 12472 8693 5250 3400 5250 8693 12472 16357 20287 24240 28206 32180 36160 40144 32000 28000 24000 20000 16000 12000 8000 4000 0 4000 8000 12000 16000 20000 24000 28000 32000 36000 40000 32180 28206 24240 20287 16357 12472 8693 5250 3400 5250 8693 12472 16357 20287 24240 28206 32180 36160 40144 32715 28814 24945 21124 17385 13793 10500 7889 6800 7889 10500 33586 29800 26078 22451 18975 15749 34770 31128 27586
40574 15934 32715 28814 24945 21124 17385 13793 10500 7889 6800 7889 10500 13793 17385 21124 24945 28814 32715 36637 36160 32180 28206 24240 20287 16357 12472 8693 5250 3400 5250 8693 12472 16357 20287 24240 28206 32180 36160 36000 32000 28000 24000 20000 16000 12000 8000 4000 0 4000 8000 12000 16000 20000 24000 28000 32000 36000 36160 32180 28206 24240 20287 16357 12472 8693 5250 3400 5250 8693 12472 16357 20287 24240 28206 32180 36160 36637 32715 28814 24945 21124 17385 13793 10500 7889 6800 7889 37417 33586 29800 26078 22451 18975 38483 34770 31128
44522 12434 36637 32715 28814 24945 21124 17385 13793 10500 7889 6800 7889 10500 13793 17385 21124 24945 28814 32715 40144 36160 32180 28206 24240 20287 16357 12472 8693 5250 3400 5250 8693 12472 16357 20287 24240 28206 32180 40000 36000 32000 28000 24000 20000 16000 12000 8000 4000 0 4000 8000 12000 16000 20000 24000 28000 32000 40144 36160 32180 28206 24240 20287 16357 12472 8693 5250 3400 5250 8693 12472 16357 20287 24240 28206 32180 40574 36637 32715 28814 24945 21124 17385 13793 10500 7889 6800 41280 37417 33586 29800 26078 22451 42249 38483 34770
48479 9345 40574 36637 32715 28814 24945 21124 17385 13793 10500 7889 6800 7889 10500 13793 17385 21124 24945 28814 44131 40144 36160 32180 28206 24240 20287 16357 12472 8693 5250 3400 5250 8693 12472 16357 20287 24240 28206 44000 40000 36000 32000 28000 24000 20000 16000 12000 8000 4000 0 4000 8000 12000 16000 20000 24000 28000 44131 40144 36160 32180 28206 24240 20287 16357 12472 8693 5250 3400 5250 8693 12472 16357 20287 24240 28206 44522 40574 36637 32715 28814 24945 21124 17385 13793 10500 7889 45167 41280 37417 33586 29800 26078 46054 42249 38483
52443 7214 44522 40574 36637 32715 28814 24945 21124 17385 13793 10500 7889 6800 7889 10500 13793 17385 21124 24945 48120 44131 40144 36160 32180 28206 24240 20287 16357 12472 8693 5250 3400 5250 8693 12472 16357 20287 24240 48000 44000 40000 36000 32000 28000 24000 20000 16000 12000 8000 4000 0 4000 8000 12000 16000 20000 24000 48120 44131 40144 36160 32180 28206 24240 20287 16357 12472 8693 5250 3400 5250 8693 12472 16357 20287 24240 48479 44522 40574 36637 32715 28814 24945 21124 17385 13793 10500 49072 45167 41280 37417 33586 29800 49889 46054 42249
56411 6983 48479 44522 40574 36637 32715 28814 24945 21124 17385 13793 10500 7889 6800 7889 10500 13793 17385 21124 52111 48120 44131 40144 36160 32180 28206 24240 20287 16357 12472 8693 5250 3400 5250 8693 12472 16357 20287 52000 48000 44000 40000 36000 32000 28000 24000 20000 16000 12000 8000 4000 0 4000 8000 12000 16000 20000 52111 48120 44131 40144 36160 32180 28206 24240 20287 16357 12472 8693 5250 3400 5250 8693 12472 16357 20287 52443 48479 44522 40574 36637 32715 28814 24945 21124 17385 13793 52991 49072 45167 41280 37417 33586 53749 49889 46054
60384 8803 52443 48479 44522 40574 36637 32715 28814 24945 21124 17385 13793 10500 7889 6800 7889 10500 13793 17385 56103 52111 48120 44131 40144 36160 32180 28206 24240 20287 16357 12472 8693 5250 3400 5250 8693 12472 16357 56000 52000 48000 44000 40000 36000 32000 28000 24000 20000 16000 12000 8000 4000 0 4000 8000 12000 16000 56103 52111 48120 44131 40144 36160 32180 28206 24240 20287 16357 12472 8693 5250 3400 5250 8693 12472 16357 56411 52443 48479 44522 40574 36637 32715 28814 24945 21124 17385 56921 52991 49072 45167 41280 37417 57628 53749 49889
64360 11756 56411 52443 48479 44522 40574 36637 32715 28814 24945 21124 17385 13793 10500 7889 6800 7889 10500 13793 60096 56103 52111 48120 44131 40144 36160 32180 28206 24240 20287 16357 12472 8693 5250 3400 5250 8693 12472 60000 56000 52000 48000 44000 40000 36000 32000 28000 24000 20000 16000 12000 8000 4000 0 4000 8000 12000 60096 56103 52111 48120 44131 40144 36160 32180 28206 24240 20287 16357 12472 8693 5250 3400 5250 8693 12472 60384 56411 52443 48479 44522 40574 36637 32715 28814 24945 21124 60861 56921 52991 49072 45167 41280 61522 57628 53749
68339 15196 60384 56411 52443 48479 44522 40574 36637 32715 28814 24945 21124 17385 13793 10500 7889 6800 7889 10500 64090 60096 56103 52111 48120 44131 40144 36160 32180 28206 24240 20287 16357 12472 8693 5250 3400 5250 8693 64000 60000 56000 52000 48000 44000 40000 36000 32000 28000 24000 20000 16000 12000 8000 4000 0 4000 8000 64090 60096 56103 52111 48120 44131 40144 36160 32180 28206 24240 20287 16357 12472 8693 5250 3400 5250 8693 64360 60384 56411 52443 48479 44522 40574 36637 32715 28814 24945 64808 60861 56921 52991 49072 45167 65429 61522 70324
72320 18859 64360 60384 56411 52443 48479 44522 40574 36637 32715 28814 24945 21124 17385 13793 10500 7889 6800 7889 68085 64090 60096 56103 52111 48120 44131 40144 36160 32180 28206 24240 20287 16357 12472 8693 5250 3400 5250 68000 64000 60000 56000 52000 48000 44000 40000 36000 32000 28000 24000 20000 16000 12000 8000 4000 0 4000 68085 64090 60096 56103 52111 48120 44131 40144 36160 32180 28206 24240 20287 16357 12472 8693 5250 3400 5250 68339 64360 60384 56411 52443 48479 44522 40574 36637 32715 28814 68761 64808 60861 56921 52991 49072 69347 65429 112351
76304 22636 68339 64360 60384 56411 52443 48479 44522 40574 36637 32715 28814 24945 21124 17385 13793 10500 7889 6800 72080 68085 64090 60096 56103 52111 48120 44131 40144 36160 32180 28206 24240 20287 16357 12472 8693 5250 3400 72000 68000 64000 60000 56000 52000 48000 44000 40000 36000 32000 28000 24000 20000 16000 12000 8000 4000 0 72080 68085 64090 60096 56103 52111 48120 44131 40144 36160 32180 28206 24240 20287 16357 12472 8693 5250 3400 72320 68339 64360 60384 56411 52443 48479 44522 40574 36637 32715 72719 68761 64808 60861 56921 52991 73273 69347 173302
5250 50524 10956 12963 15749 18975 22451 26078 29800 33586 37417 41280 45167 49072 52991 56921 60861 64808 68761 72719 6800 7889 10500 13793 17385 21124 24945 28814 32715 36637 40574 44522 48479 52443 56411 60384 64360 68339 72320 3400 5250 8693 12472 16357 20287 24240 28206 32180 36160 40144 44131 48120 52111 56103 60096 64090 68085 72080 0 4000 8000 12000 16000 20000 24000 28000 32000 36000 40000 44000 48000 52000 56000 60000 64000 68000 72000 3400 5250 8693 12472 16357 20287 24240 28206 32180 36160 40144 6800 7889 10500 13793 17385 21124 10200 10956 12963
8693 46534 10200 10956 12963 15749 18975 22451 26078 29800 33586 37417 41280 45167 49072 52991 56921 60861 64808 68761 7889 6800 7889 10500 13793 17385 21124 24945 28814 32715 36637 40574 44522 48479 52443 56411 60384 64360 68339 5250 3400 5250 8693 12472 16357 20287 24240 28206 32180 36160 40144 44131 48120 52111 56103 60096 64090 68085 4000 0 4000 8000 12000 16000 20000 24000 28000 32000 36000 40000 44000 48000 52000 56000 60000 64000 68000 5250 3400 5250 8693 12472 16357 20287 24240 28206 32180 36160 7889 6800 7889 10500 13793 17385 10956 10200 10956
12472 42546 10956 10200 10956 12963 15749 18975 22451 26078 29800 33586 37417 41280 45167 49072 52991 56921 60861 64808 10500 7889 6800 7889 10500 13793 17385 21124 24945 28814 32715 36637 40574 44522 48479 52443 56411 60384 64360 8693 5250 3400 5250 8693 12472 16357 20287 24240 28206 32180 36160 40144 44131 48120 52111 56103 60096 64090 8000 4000 0 4000 8000 12000 16000 20000 24000 28000 32000 36000 40000 44000 48000 52000 56000 60000 64000 8693 5250 3400 5250 8693 12472 16357 20287 24240 28206 32180 10500 7889 6800 7889 10500 13793 12963 10956 10200
16357 38560 12963 10956 10200 10956 12963 15749 18975 22451 26078 29800 33586 37417 41280 45167 49072 52991 56921 60861 13793 10500 7889 6800 7889 10500 13793 17385 21124 24945 28814 32715 36637 40574 44522 48479 52443 56411 60384 12472 8693 5250 3400 5250 8693 12472 16357 20287 24240 28206 32180 36160 40144 44131 48120 52111 56103 60096 12000 8000 4000 0 4000 8000 12000 16000 20000 24000 28000 32000 36000 40000 44000 48000 52000 56000 60000 12472 8693 5250 3400 5250 8693 12472 16357 20287 24240 28206 13793 10500 7889 6800 7889 10500 15749 12963 10956
20287 34578 15749 12963 10956 10200 10956 12963 15749 18975 22451 26078 29800 33586 37417 41280 45167 49072 52991 56921 17385 13793 10500 7889 6800 7889 10500 13793 17385 21124 24945 28814 32715 36637 40574 44522 48479 52443 56411 16357 12472 8693 5250 3400 5250 8693 12472 16357 20287 24240 28206 32180 36160 40144 44131 48120 52111 56103 16000 12000 8000 4000 0 4000 8000 12000 16000 20000 24000 28000 32000 36000 40000 44000 48000 52000 56000 16357 12472 8693 5250 3400 5250 8693 12472 16357 20287 24240 17385 13793 10500 7889 6800 7889 18975 15749 12963
24240 30599 18975 15749 12963 10956 10200 10956 12963 15749 18975 22451 26078 29800 33586 37417 41280 45167 49072 52991 21124 17385 13793 10500 7889 6800 7889 10500 13793 17385 21124 24945 28814 32715 36637 40574 44522 48479 52443 20287 16357 12472 8693 5250 3400 5250 8693 12472 16357 20287 24240 28206 32180 36160 40144 44131 48120 52111 20000 16000 12000 8000 4000 0 4000 8000 12000 16000 20000 24000 28000 32000 36000 40000 44000 48000 52000 20287 16357 12472 8693 5250 3400 5250 8693 12472 16357 20287 21124 17385 13793 10500 7889 6800 22451 18975 15749
28206 26628 22451 18975 15749 12963 10956 10200 10956 12963 15749 18975 22451 26078 29800 33586 37417 41280 45167 49072 24945 21124 17385 13793 10500 7889 6800 7889 10500 13793 17385 21124 24945 28814 32715 36637 40574 44522 48479 24240 20287 16357 12472 8693 5250 3400 5250 8693 12472 16357 20287 24240 28206 32180 36160 40144 44131 48120 24000 20000 16000 12000 8000 4000 0 4000 8000 12000 16000 20000 24000 28000 32000 36000 40000 44000 48000 24240 20287 16357 12472 8693 5250 3400 5250 8693 12472 16357 24945 21124 17385 13793 10500 7889 26078 22451 18975
32180 22666 26078 22451 18975 15749 12963 10956 10200 10956 12963 15749 18975 22451 26078 29800 33586 37417 41280 45167 28814 24945 21124 17385 13793 10500 7889 6800 7889 10500 13793 17385 21124 24945 28814 32715 36637 40574 44522 28206 24240 20287 16357 12472 8693 5250 3400 5250 8693 12472 16357 20287 24240 28206 32180 36160 40144 44131 28000 24000 20000 16000 12000 8000 4000 0 4000 8000 12000 16000 20000 24000 28000 32000 36000 40000 44000 28206 24240 20287 16357 12472 8693 5250 3400 5250 8693 12472 28814 24945 21124 17385 13793 10500 29800 26078 22451
36160 18721 29800 26078 22451 18975 15749 12963 10956 10200 10956 12963 15749 18975 22451 26078 29800 33586 37417 41280 32715 28814 24945 21124 17385 13793 10500 7889 6800 7889 10500 13793 17385 21124 24945 28814 32715 36637 40574 32180 28206 24240 20287 16357 12472 8693 5250 3400 5250 8693 12472 16357 20287 24240 28206 32180 36160 40144 32000 28000 24000 20000 16000 12000 8000 4000 0 4000 8000 12000 16000 20000 24000 28000 32000 36000 40000 32180 28206 24240 20287 16357 12472 8693 5250 3400 5250 8693 32715 28814 24945 21124 17385 13793 33586 29800 26078
40144 14806 33586 29800 26078 22451 18975 15749 12963 10956 10200 10956 12963 15749 18975 22451 26078 29800 33586 37417 36637 32715 28814 24945 21124 17385 13793 10500 7889 6800 7889 10500 13793 17385 21124 24945 28814 32715 36637 36160 32180 28206 24240 20287 16357 12472 8693 5250 3400 5250 8693 12472 16357 20287 24240 28206 32180 36160 36000 32000 28000 24000 20000 16000 12000 8000 4000 0 4000 8000 12000 16000 20000 24000 28000 32000 36000 36160 32180 28206 24240 20287 16357 12472 8693 5250 3400 5250 36637 32715 28814 24945 21124 17385 37417 33586 29800
44131 10951 37417 33586 29800 26078 22451 18975 15749 12963 10956 10200 10956 12963 15749 18975 22451 26078 29800 33586 40574 36637 32715 28814 24945 21124 17385 13793 10500 7889 6800 7889 10500 13793 17385 21124 24945 28814 32715 40144 36160 32180 28206 24240 20287 16357 12472 8693 5250 3400 5250 8693 12472 16357 20287 24240 28206 32180 40000 36000 32000 28000 24000 20000 16000 12000 8000 4000 0 4000 8000 12000 16000 20000 24000 28000 32000 40144 36160 32180 28206 24240 20287 16357 12472 8693 5250 3400 40574 36637 32715 28814 24945 21124 41280 37417 33586
48120 7256 41280 37417 33586 29800 26078 22451 18975 15749 12963 10956 10200 10956 12963 15749 18975 22451 26078 29800 44522 40574 36637 32715 28814 24945 21124 17385 13793 10500 7889 6800 7889 10500 13793 17385 21124 24945 28814 44131 40144 36160 32180 28206 24240 20287 16357 12472 8693 5250 3400 5250 8693 12472 16357 20287 24240 28206 44000 40000 36000 32000 28000 24000 20000 16000 12000 8000 4000 0 4000 8000 12000 16000 20000 24000 28000 44131 40144 36160 32180 28206 24240 20287 16357 12472 8693 5250 44522 40574 36637 32715 28814 24945 45167 41280 37417
52111 4167 45167 41280 37417 33586 29800 26078 22451 18975 15749 12963 10956 10200 10956 12963 15749 18975 22451 26078 48479 44522 40574 36637 32715 28814 24945 21124 17385 13793 10500 7889 6800 7889 10500 13793 17385 21124 24945 48120 44131 40144 36160 32180 28206 24240 20287 16357 12472 8693 5250 3400 5250 8693 12472 16357 20287 24240 48000 44000 40000 36000 32000 28000 24000 20000 16000 12000 8000 4000 0 4000 8000 12000 16000 20000 24000 48120 44131 40144 36160 32180 28206 24240 20287 16357 12472 8693 48479 44522 40574 36637 32715 28814 49072 45167 41280
56103 3753 49072 45167 41280 37417 33586 29800 26078 22451 18975 15749 12963 10956 10200 10956 12963 15749 18975 22451 52443 48479 44522 40574 36637 32715 28814 24945 21124 17385 13793 10500 7889 6800 7889 10500 13793 17385 21124 52111 48120 44131 40144 36160 32180 28206 24240 20287 16357 12472 8693 5250 3400 5250 8693 12472 16357 20287 52000 48000 44000 40000 36000 32000 28000 24000 20000 16000 12000 8000 4000 0 4000 8000 12000 16000 20000 52111 48120 44131 40144 36160 32180 28206 24240 20287 16357 12472 52443 48479 44522 40574 36637 32715 52991 49072 81875
60096 6543 52991 49072 45167 41280 37417 33586 29800 26078 22451 18975 15749 12963 10956 10200 10956 12963 15749 18975 56411 52443 48479 44522 40574 36637 32715 28814 24945 21124 17385 13793 10500 7889 6800 7889 10500 13793 17385 56103 52111 48120 44131 40144 36160 32180 28206 24240 20287 16357 12472 8693 5250 3400 5250 8693 12472 16357 56000 52000 48000 44000 40000 36000 32000 28000 24000 20000 16000 12000 8000 4000 0 4000 8000 12000 16000 56103 52111 48120 44131 40144 36160 32180 28206 24240 20287 16357 56411 52443 48479 44522 40574 36637 56921 52991 156945
64090 10175 56921 52991 49072 45167 41280 37417 33586 29800 26078 22451 18975 15749 12963 10956 10200 10956 12963 15749 60384 56411 52443 48479 44522 40574 36637 32715 28814 24945 21124 17385 13793 10500 7889 6800 7889 10500 13793 60096 56103 52111 48120 44131 40144 36160 32180 28206 24240 20287 16357 12472 8693 5250 3400 5250 8693 12472 60000 56000 52000 48000 44000 40000 36000 32000 28000 24000 20000 16000 12000 8000 4000 0 4000 8000 12000 60096 56103 52111 48120 44131 40144 36160 32180 28206 24240 20287 60384 56411 52443 48479 44522 40574 60861 56921 254762
68085 14009 60861 56921 52991 49072 45167 41280 37417 33586 29800 26078 22451 18975 15749 12963 10956 10200 10956 12963 64360 60384 56411 52443 48479 44522 40574 36637 32715 28814 24945 21124 17385 13793 10500 7889 6800 7889 10500 64090 60096 56103 52111 48120 44131 40144 36160 32180 28206 24240 20287 16357 12472 8693 5250 3400 5250 8693 64000 60000 56000 52000 48000 44000 40000 36000 32000 28000 24000 20000 16000 12000 8000 4000 0 4000 8000 64090 60096 56103 52111 48120 44131 40144 36160 32180 28206 24240 64360 60384 56411 52443 48479 44522 64808 257214 297409
72080 17916 64808 60861 56921 52991 49072 45167 41280 37417 33586 29800 26078 22451 18975 15749 12963 10956 10200 10956 68339 64360 60384 56411 52443 48479 44522 40574 36637 32715 28814 24945 21124 17385 13793 10500 7889 6800 7889 68085 64090 60096 56103 52111 48120 44131 40144 36160 32180 28206 24240 20287 16357 12472 8693 5250 3400 5250 68000 64000 60000 56000 52000 48000 44000 40000 36000 32000 28000 24000 20000 16000 12000 8000 4000 0 4000 68085 64090 60096 56103 52111 48120 44131 40144 36160 32180 28206 68339 64360 60384 56411 52443 55608 197012 305146 343093
76076 21856 68761 64808 60861 56921 52991 49072 45167 41280 37417 33586 29800 26078 22451 18975 15749 12963 10956 10200 72320 68339 64360 60384 56411 52443 48479 44522 40574 36637 32715 28814 24945 21124 17385 13793 10500 7889 6800 72080 68085 64090 60096 56103 52111 48120 44131 40144 36160 32180 28206 24240 20287 16357 12472 8693 5250 3400 72000 68000 64000 60000 56000 52000 48000 44000 40000 36000 32000 28000 24000 20000 16000 12000 8000 4000 0 72080 68085 64090 60096 56103 52111 48120 44131 40144 36160 32180 72320 68339 64360 60384 56411 123298 302369 357090 392654
4000 50410 14176 15778 18137 20999 24186 27586 31128 34770 38483 42249 46054 49889 53749 57628 61522 65429 69347 73273 10200 10956 12963 15749 18975 22451 26078 29800 33586 37417 41280 45167 49072 52991 56921 60861 64808 68761 72719 6800 7889 10500 13793 17385 21124 24945 28814 32715 36637 40574 44522 48479 52443 56411 60384 64360 68339 72320 3400 5250 8693 12472 16357 20287 24240 28206 32180 36160 40144 44131 48120 52111 56103 60096 64090 68085 72080 0 4000 8000 12000 16000 20000 24000 28000 32000 36000 40000 3400 5250 8693 12472 16357 20287 6800 7889 10500
8000 46410 13600 14176 15778 18137 20999 24186 27586 31128 34770 38483 42249 46054 49889 53749 57628 61522 65429 69347 10956 10200 10956 12963 15749 18975 22451 26078 29800 33586 37417 41280 45167 49072 52991 56921 60861 64808 68761 7889 6800 7889 10500 13793 17385 21124 24945 28814 32715 36637 40574 44522 48479 52443 56411 60384 64360 68339 5250 3400 5250 8693 12472 16357 20287 24240 28206 32180 36160 40144 44131 48120 52111 56103 60096 64090 68085 4000 0 4000 8000 12000 16000 20000 24000 28000 32000 36000 5250 3400 5250 8693 12472 16357 7889 6800 7889
12000 42410 14176 13600 14176 15778 18137 20999 24186 27586 31128 34770 38483 42249 46054 49889 53749 57628 61522 65429 12963 10956 10200 10956 12963 15749 18975 22451 26078 29800 33586 37417 41280 45167 49072 52991 56921 60861 64808 10500 7889 6800 7889 10500 13793 17385 21124 24945 28814 32715 36637 40574 44522 48479 52443 56411 60384 64360 8693 5250 3400 5250 8693 12472 16357 20287 24240 28206 32180 36160 40144 44131 48120 52111 56103 60096 64090 8000 4000 0 4000 8000 12000 16000 20000 24000 28000 32000 8693 5250 3400 5250 8693 12472 10500 7889 6800
16000 38410 15778 14176 13600 14176 15778 18137 20999 24186 27586 31128 34770 38483 42249 46054 49889 53749 57628 61522 15749 12963 10956 10200 10956 12963 15749 18975 22451 26078 29800 33586 37417 41280 45167 49072 52991 56921 60861 13793 10500 7889 6800 7889 10500 13793 17385 21124 24945 28814 32715 36637 40574 44522 48479 52443 56411 60384 12472 8693 5250 3400 5250 8693 12472 16357 20287 24240 28206 32180 36160 40144 44131 48120 52111 56103 60096 12000 8000 4000 0 4000 8000 12000 16000 20000 24000 28000 12472 8693 5250 3400 5250 8693 13793 10500 7889
20000 34410 18137 15778 14176 13600 14176 15778 18137 20999 24186 27586 31128 34770 38483 42249 46054 49889 53749 57628 18975 15749 12963 10956 10200 10956 12963 15749 18975 22451 26078 29800 33586 37417 41280 45167 49072 52991 56921 17385 13793 10500 7889 6800 7889 10500 13793 17385 21124 24945 28814 32715 36637 40574 44522 48479 52443 56411 16357 12472 8693 5250 3400 5250 8693 12472 16357 20287 24240 28206 32180 36160 40144 44131 48120 52111 56103 16000 12000 8000 4000 0 4000 8000 12000 16000 20000 24000 16357 12472 8693 5250 3400 5250 17385 13793 10500
24000 30410 20999 18137 15778 14176 13600 14176 15778 18137 20999 24186 27586 31128 34770 38483 42249 46054 49889 53749 22451 18975 15749 12963 10956 10200 10956 12963 15749 18975 22451 26078 29800 33586 37417 41280 45167 49072 52991 21124 17385 13793 10500 7889 6800 7889 10500 13793 17385 21124 24945 28814 32715 36637 40574 44522 48479 52443 20287 16357 12472 8693 5250 3400 5250 8693 12472 16357 20287 24240 28206 32180 36160 40144 44131 48120 52111 20000 16000 12000 8000 4000 0 4000 8000 12000 16000 20000 20287 16357 12472 8693 5250 3400 21124 17385 13793
28000 26410 24186 20999 18137 15778 14176 13600 14176 15778 18137 20999 24186 27586 31128 34770 38483 42249 46054 49889 26078 22451 18975 15749 12963 10956 10200 10956 12963 15749 18975 22451 26078 29800 33586 37417 41280 45167 49072 24945 21124 17385 13793 10500 7889 6800 7889 10500 13793 17385 21124 24945 28814 32715 36637 40574 44522 48479 24240 20287 16357 12472 8693 5250 3400 5250 8693 12472 16357 20287 24240 28206 32180 36160 40144 44131 48120 24000 20000 16000 12000 8000 4000 0 4000 8000 12000 16000 24240 20287 16357 12472 8693 5250 24945 21124 17385
32000 22410 27586 24186 20999 18137 15778 14176 13600 14176 15778 18137 20999 24186 27586 31128 34770 38483 42249 46054 29800 26078 22451 18975 15749 12963 10956 10200 10956 12963 15749 18975 22451 26078 29800 33586 37417 41280 45167 28814 24945 21124 17385 13793 10500 7889 6800 7889 10500 13793 17385 21124 24945 28814 32715 36637 40574 44522 28206 24240 20287 16357 12472 8693 5250 3400 5250 8693 12472 16357 20287 24240 28206 32180 36160 40144 44131 28000 24000 20000 16000 12000 8000 4000 0 4000 8000 12000 28206 24240 20287 16357 12472 8693 28814 24945 21124
36000 18410 31128 27586 24186 20999 18137 15778 14176 13600 14176 15778 18137 20999 24186 27586 31128 34770 38483 42249 33586 29800 26078 22451 18975 15749 12963 10956 10200 10956 12963 15749 18975 22451 26078 29800 33586 37417 41280 32715 28814 24945 21124 17385 13793 10500 7889 6800 7889 10500 13793 17385 21124 24945 28814 32715 36637 40574 32180 28206 24240 20287 16357 12472 8693 5250 3400 5250 8693 12472 16357 20287 24240 28206 32180 36160 40144 32000 28000 24000 20000 16000 12000 8000 4000 0 4000 8000 32180 28206 24240 20287 16357 12472 32715 28814 24945
40000 14410 34770 31128 27586 24186 20999 18137 15778 14176 13600 14176 15778 18137 20999 24186 27586 31128 34770 38483 37417 33586 29800 26078 22451 18975 15749 12963 10956 10200 10956 12963 15749 18975 22451 26078 29800 33586 37417 36637 32715 28814 24945 21124 17385 13793 10500 7889 6800 7889 10500 13793 17385 21124 24945 28814 32715 36637 36160 32180 28206 24240 20287 16357 12472 8693 5250 3400 5250 8693 12472 16357 20287 24240 28206 32180 36160 36000 32000 28000 24000 20000 16000 12000 8000 4000 0 4000 36160 32180 28206 24240 20287 16357 36637 32715 41510
44000 10410 38483 34770 31128 27586 24186 20999 18137 15778 14176 13600 14176 15778 18137 20999 24186 27586 31128 34770 41280 37417 33586 29800 26078 22451 18975 15749 12963 10956 10200 10956 12963 15749 18975 22451 26078 29800 33586 40574 36637 32715 28814 24945 21124 17385 13793 10500 7889 6800 7889 10500 13793 17385 21124 24945 28814 32715 40144 36160 32180 28206 24240 20287 16357 12472 8693 5250 3400 5250 8693 12472 16357 20287 24240 28206 32180 40000 36000 32000 28000 24000 20000 16000 12000 8000 4000 0 40144 36160 32180 28206 24240 20287 40574 36637 140588
5250 50524 17464 18788 20809 23345 26249 29411 32757 36235 39812 43463 47170 50922 54708 58523 62362 66219 70093 73980 13600 14176 15778 18137 20999 24186 27586 31128 34770 38483 42249 46054 49889 53749 57628 61522 65429 69347 73273 10200 10956 12963 15749 18975 22451 26078 29800 33586 37417 41280 45167 49072 52991 56921 60861 64808 68761 72719 6800 7889 10500 13793 17385 21124 24945 28814 32715 36637 40574 44522 48479 52443 56411 60384 64360 68339 72320 3400 5250 8693 12472 16357 20287 24240 28206 32180 36160 40144 0 4000 8000 12000 16000 20000 3400 5250 8693
8693 46534 17000 17464 18788 20809 23345 26249 29411 32757 36235 39812 43463 47170 50922 54708 58523 62362 66219 70093 14176 13600 14176 15778 18137 20999 24186 27586 31128 34770 38483 42249 46054 49889 53749 57628 61522 65429 69347 10956 10200 10956 12963 15749 18975 22451 26078 29800 33586 37417 41280 45167 49072 52991 56921 60861 64808 68761 7889 6800 7889 10500 13793 17385 21124 24945 28814 32715 36637 40574 44522 48479 52443 56411 60384 64360 68339 5250 3400 5250 8693 12472 16357 20287 24240 28206 32180 36160 4000 0 4000 8000 12000 16000 5250 3400 5250
12472 174943 17464 17000 17464 18788 20809 23345 26249 29411 32757 36235 39812 43463 47170 50922 54708 58523 62362 66219 15778 14176 13600 14176 15778 18137 20999 24186 27586 31128 34770 38483 42249 46054 49889 53749 57628 61522 65429 12963 10956 10200 10956 12963 15749 18975 22451 26078 29800 33586 37417 41280 45167 49072 52991 56921 60861 64808 10500 7889 6800 7889 10500 13793 17385 21124 24945 28814 32715 36637 40574 44522 48479 52443 56411 60384 64360 8693 5250 3400 5250 8693 12472 16357 20287 24240 28206 32180 8000 4000 0 4000 8000 12000 8693 5250 3400
16357 183518 18788 17464 17000 17464 18788 20809 23345 26249 29411 32757 36235 39812 43463 47170 50922 54708 58523 62362 18137 15778 14176 13600 14176 15778 18137 20999 24186 27586 31128 34770 38483 42249 46054 49889 53749 57628 61522 15749 12963 10956 10200 10956 12963 15749 18975 22451 26078 29800 33586 37417 41280 45167 49072 52991 56921 60861 13793 10500 7889 6800 7889 10500 13793 17385 21124 24945 28814 32715 36637 40574 44522 48479 52443 56411 60384 12472 8693 5250 3400 5250 8693 12472 16357 20287 24240 28206 12000 8000 4000 0 4000 8000 12472 8693 5250
20287 198709 20809 18788 17464 17000 17464 18788 20809 23345 26249 29411 32757 36235 39812 43463 47170 50922 54708 58523 20999 18137 15778 14176 13600 14176 15778 18137 20999 24186 27586 31128 34770 38483 42249 46054 49889 53749 57628 18975 15749 12963 10956 10200 10956 12963 15749 18975 22451 26078 29800 33586 37417 41280 45167 49072 52991 56921 17385 13793 10500 7889 6800 7889 10500 13793 17385 21124 24945 28814 32715 36637 40574 44522 48479 52443 56411 16357 12472 8693 5250 3400 5250 8693 12472 16357 20287 24240 16000 12000 8000 4000 0 4000 16357 12472 8693
24240 227598 23345 20809 18788 17464 17000 17464 18788 20809 23345 26249 29411 32757 36235 39812 43463 47170 50922 54708 24186 20999 18137 15778 14176 13600 14176 15778 18137 20999 24186 27586 31128 34770 38483 42249 46054 49889 53749 22451 18975 15749 12963 10956 10200 10956 12963 15749 18975 22451 26078 29800 33586 37417 41280 45167 49072 52991 21124 17385 13793 10500 7889 6800 7889 10500 13793 17385 21124 24945 28814 32715 36637 40574 44522 55608 123298 20287 16357 12472 8693 5250 3400 5250 8693 12472 16357 20287 20000 16000 12000 8000 4000 0 20287 16357 12472
7889 348945 20788 21913 23668 25926 28569 31499 34643 37949 41378 44902 48499 52155 55858 59600 63373 67173 70994 74834 17000 17464 18788 20809 23345 26249 29411 32757 36235 39812 43463 47170 50922 54708 58523 62362 66219 70093 73980 13600 14176 15778 18137 20999 24186 27586 31128 34770 38483 42249 46054 49889 53749 57628 61522 65429 69347 73273 10200 10956 12963 15749 18975 22451 26078 29800 33586 37417 41280 45167 49072 52991 56921 60861 64808 197012 302369 6800 7889 10500 13793 17385 21124 24945 28814 32715 36637 40574 3400 5250 8693 12472 16357 20287 0 4000 8000
10500 355985 20400 20788 21913 23668 25926 28569 31499 34643 37949 41378 44902 48499 52155 55858 59600 63373 67173 70994 17464 17000 17464 18788 20809 23345 26249 29411 32757 36235 39812 43463 47170 50922 54708 58523 62362 66219 70093 14176 13600 14176 15778 18137 20999 24186 27586 31128 34770 38483 42249 46054 49889 53749 57628 61522 65429 69347 10956 10200 10956 12963 15749 18975 22451 26078 29800 33586 37417 41280 45167 49072 52991 56921 257214 305146 357090 7889 6800 7889 10500 13793 17385 21124 24945 28814 32715 36637 5250 3400 5250 8693 12472 16357 4000 0 4000
13793 366214 20788 20400 20788 21913 23668 25926 28569 31499 34643 37949 41378 44902 48499 52155 55858 59600 63373 67173 18788 17464 17000 17464 18788 20809 23345 26249 29411 32757 36235 39812 43463 47170 50922 54708 58523 62362 66219 15778 14176 13600 14176 15778 18137 20999 24186 27586 31128 34770 38483 42249 46054 49889 53749 70324 112351 173302 12963 10956 10200 10956 12963 15749 18975 22451 26078 29800 33586 37417 41280 81875 156945 254762 297409 343093 392654 10500 7889 6800 7889 10500 13793 17385 21124 24945 41510 140588 8693 5250 3400 5250 8693 12472 8000 4000 0
