BLOCK_NO: 35
POINTS: 80
COORDINATES:
0 -264.000000 134.250000
1 -301.142857 87.000000
2 -281.907058 127.974870
3 -284.379079 124.830174
4 -286.851100 121.685478
5 -289.323121 118.540782
6 -291.795142 115.396086
7 -294.267163 112.251390
8 -274.290025 132.163044
9 -276.762046 129.018348
10 -279.234067 125.873652
11 -281.706088 122.728956
12 -284.178109 119.584260
13 -286.650130 116.439564
14 -289.122151 113.294868
15 -291.594172 110.150173
16 -294.066193 107.005477
17 -296.538214 103.860781
18 -299.010235 100.716085
19 -269.145012 133.206522
20 -271.617033 130.061826
21 -274.089054 126.917130
22 -276.561075 123.772434
23 -279.033096 120.627738
24 -281.505117 117.483042
25 -283.977138 114.338346
26 -286.449159 111.193651
27 -288.921180 108.048955
28 -291.393201 104.904259
29 -293.865222 101.759563
30 -296.337243 98.614867
31 -298.809264 95.470171
32 -266.472021 131.105304
33 -268.944042 127.960608
34 -271.416063 124.815912
35 -273.888084 121.671216
36 -276.360105 118.526520
37 -278.832126 115.381825
38 -281.304147 112.237129
39 -283.776168 109.092433
40 -286.248189 105.947737
41 -288.720210 102.803041
42 -291.192231 99.658345
43 -293.664252 96.513649
44 -296.136273 93.368953
45 -298.608294 90.224257
46 -261.327008 132.148782
47 -263.799029 129.004086
48 -266.271050 125.859390
49 -268.743071 122.714694
50 -281.103176 106.991215
51 -283.575197 103.846519
52 -286.047218 100.701823
53 -288.519239 97.557127
54 -290.991260 94.412431
55 -293.463281 91.267735
56 -295.935302 88.123040
57 -298.407323 84.978344
58 -256.181996 133.192260
59 -258.654017 130.047564
60 -261.126038 126.902868
61 -283.374227 98.600605
62 -285.846248 95.455909
63 -288.318269 92.311213
64 -290.790290 89.166518
65 -293.262311 86.021822
66 -295.734331 82.877126
67 -251.036984 134.235738
68 -253.509004 131.091042
69 -255.981025 127.946347
70 -283.173256 93.354692
71 -285.645277 90.209996
72 -288.117298 87.065300
73 -290.589319 83.920604
74 -293.061340 80.775908
75 -248.363992 132.134521
76 -250.836013 128.989825
77 -282.972286 88.108778
78 -285.444307 84.964082
79 -248.163021 126.888607
TOUR_ORDER:
0 46 58 68 67 75 79 76 69 59 60 47 32 19 20 8 9 21 33 48 49 34 35 22 10 2 3 11 23 36 37 24 12 4 5 13 25 38 39 50 51 40 27 26 14 6 7 15 16 28 41 52 61 70 62 53 42 29 17 18 30 43 54 63 71 77 78 72 64 55 44 31 45 56 65 73 74 66 57 1
