0 84095 7889 10500 13793 17385 21124 24945 143647 5250 8693 12472 16357 20287 24240 28206 32180 36160 40144 44131 48120 52111 56103 60096 64090 68085 72080 76076 80072 4000 8000 12000 16000 20000 24000 28000 32000 36000 40000 44000 48000 52000 56000 60000 64000 68000 72000 76000 80000 16357 20287 24240 28206 32180 36160 40144 44131 48120 52111 56103 60096 64090
84095 0 80383 76398 72415 68434 92076 177453 28906 80167 76171 72175 68180 64185 60191 56198 52206 48215 44226 40239 36255 32275 28300 24334 20381 16450 12564 8780 5323 80095 76095 72095 68095 64095 60095 56095 52095 48095 44095 40095 36095 32095 28095 24095 20095 16095 12095 8095 4095 68180 64185 60191 56198 52206 48215 44226 40239 36255 32275 28300 24334 20381
7889 80383 0 4000 8000 12000 16000 20000 288893 3400 5250 8693 12472 16357 20287 24240 28206 32180 36160 40144 44131 48120 52111 56103 74620 100326 123504 144670 164194 6800 7889 10500 13793 17385 21124 24945 28814 32715 36637 40574 44522 48479 52443 56411 60384 64360 68339 72320 76304 15749 18975 22451 26078 29800 33586 37417 41280 45167 49072 52991 56921 60861
10500 76398 4000 0 4000 8000 12000 16000 284893 5250 3400 5250 8693 12472 16357 20287 24240 28206 32180 36160 40144 44131 48120 60729 90128 115886 138915 159820 179023 7889 6800 7889 10500 13793 17385 21124 24945 28814 32715 36637 40574 44522 48479 52443 56411 60384 64360 68339 72320 12963 15749 18975 22451 26078 29800 33586 37417 41280 45167 49072 52991 56921
13793 72415 8000 4000 0 4000 8000 12000 280893 8693 5250 3400 5250 8693 12472 16357 20287 24240 28206 32180 36160 40144 44361 79726 109173 134610 157152 177505 196136 10500 7889 6800 7889 10500 13793 17385 21124 24945 28814 32715 36637 40574 44522 48479 52443 56411 60384 64360 68339 10956 12963 15749 18975 22451 26078 29800 33586 37417 41280 45167 49072 52991
17385 68434 12000 8000 4000 0 4000 8000 276893 12472 8693 5250 3400 5250 8693 12472 16357 20287 24240 28206 32180 36160 69205 104574 133219 157618 179091 198419 216094 13793 10500 7889 6800 7889 10500 13793 17385 21124 24945 28814 32715 36637 40574 44522 48479 52443 56411 60384 64360 10200 10956 12963 15749 18975 22451 26078 29800 33586 37417 41280 45167 49072
21124 92076 16000 12000 8000 4000 0 4000 272893 16357 12472 8693 5250 3400 5250 8693 12472 16357 20287 24240 28206 59136 106261 138933 164787 186711 206062 223220 234225 17385 13793 10500 7889 6800 7889 10500 13793 17385 21124 24945 28814 32715 36637 40574 44522 48479 52443 56411 60384 10956 10200 10956 12963 15749 18975 22451 26078 29800 33586 37417 41280 45167
24945 177453 20000 16000 12000 8000 4000 0 268893 20287 16357 12472 8693 5250 3400 5250 8693 12472 16357 20287 64219 137226 156362 174115 190728 206368 221162 231276 238654 21124 17385 13793 10500 7889 6800 7889 10500 13793 17385 21124 24945 28814 32715 36637 40574 44522 88459 147311 165432 12963 10956 10200 10956 12963 15749 18975 22451 26078 29800 33586 37417 41280
143647 28906 288893 284893 280893 276893 272893 268893 0 214052 204177 193444 181614 168326 152981 115441 72102 21142 16357 12472 8693 5250 3400 5250 8693 12472 16357 20287 55685 120127 96342 71004 41429 36637 32715 28814 24945 21124 17385 13793 10500 7889 6800 7889 10500 13793 17385 21124 24945 41280 37417 33586 29800 26078 22451 18975 15749 12963 10956 10200 10956 12963
5250 80167 3400 5250 8693 12472 16357 20287 214052 0 4000 8000 12000 16000 20000 24000 28000 32000 36000 40000 44000 48000 52000 56000 60000 64000 68000 72000 76000 3400 5250 8693 12472 16357 20287 24240 28206 32180 36160 40144 44131 48120 52111 56103 60096 64090 68085 72080 76076 13793 17385 21124 24945 28814 32715 36637 40574 44522 48479 52443 56411 60384
8693 76171 5250 3400 5250 8693 12472 16357 204177 4000 0 4000 8000 12000 16000 20000 24000 28000 32000 36000 40000 44000 48000 52000 56000 60000 64000 68000 72000 5250 3400 5250 8693 12472 16357 20287 24240 28206 32180 36160 40144 44131 48120 52111 56103 60096 64090 68085 72080 10500 13793 17385 21124 24945 28814 32715 36637 40574 44522 48479 52443 56411
12472 72175 8693 5250 3400 5250 8693 12472 193444 8000 4000 0 4000 8000 12000 16000 20000 24000 28000 32000 36000 40000 44000 48000 52000 56000 60000 64000 68000 8693 5250 3400 5250 8693 12472 16357 20287 24240 28206 32180 36160 40144 44131 48120 52111 56103 60096 64090 68085 7889 10500 13793 17385 21124 24945 28814 32715 36637 40574 44522 48479 52443
16357 68180 12472 8693 5250 3400 5250 8693 181614 12000 8000 4000 0 4000 8000 12000 16000 20000 24000 28000 32000 36000 40000 44000 48000 52000 56000 60000 64000 12472 8693 5250 3400 5250 8693 12472 16357 20287 24240 28206 32180 36160 40144 44131 48120 52111 56103 60096 64090 6800 7889 10500 13793 17385 21124 24945 28814 32715 36637 40574 44522 48479
20287 64185 16357 12472 8693 5250 3400 5250 168326 16000 12000 8000 4000 0 4000 8000 12000 16000 20000 24000 28000 32000 36000 40000 44000 48000 52000 56000 60000 16357 12472 8693 5250 3400 5250 8693 12472 16357 20287 24240 28206 32180 36160 40144 44131 48120 52111 56103 60096 7889 6800 7889 10500 13793 17385 21124 24945 28814 32715 36637 40574 44522
24240 60191 20287 16357 12472 8693 5250 3400 152981 20000 16000 12000 8000 4000 0 4000 8000 12000 16000 20000 24000 28000 32000 36000 40000 44000 48000 52000 56000 20287 16357 12472 8693 5250 3400 5250 8693 12472 16357 20287 24240 28206 32180 36160 40144 44131 48120 52111 56103 10500 7889 6800 7889 10500 13793 17385 21124 24945 28814 32715 36637 40574
28206 56198 24240 20287 16357 12472 8693 5250 115441 24000 20000 16000 12000 8000 4000 0 4000 8000 12000 16000 20000 24000 28000 32000 36000 40000 44000 48000 52000 24240 20287 16357 12472 8693 5250 3400 5250 8693 12472 16357 20287 24240 28206 32180 36160 40144 44131 48120 52111 13793 10500 7889 6800 7889 10500 13793 17385 21124 24945 28814 32715 36637
32180 52206 28206 24240 20287 16357 12472 8693 72102 28000 24000 20000 16000 12000 8000 4000 0 4000 8000 12000 16000 20000 24000 28000 32000 36000 40000 44000 48000 28206 24240 20287 16357 12472 8693 5250 3400 5250 8693 12472 16357 20287 24240 28206 32180 36160 40144 44131 48120 17385 13793 10500 7889 6800 7889 10500 13793 17385 21124 24945 28814 32715
36160 48215 32180 28206 24240 20287 16357 12472 21142 32000 28000 24000 20000 16000 12000 8000 4000 0 4000 8000 12000 16000 20000 24000 28000 32000 36000 40000 44000 32180 28206 24240 20287 16357 12472 8693 5250 3400 5250 8693 12472 16357 20287 24240 28206 32180 36160 40144 44131 21124 17385 13793 10500 7889 6800 7889 10500 13793 17385 21124 24945 28814
40144 44226 36160 32180 28206 24240 20287 16357 16357 36000 32000 28000 24000 20000 16000 12000 8000 4000 0 4000 8000 12000 16000 20000 24000 28000 32000 36000 40000 36160 32180 28206 24240 20287 16357 12472 8693 5250 3400 5250 8693 12472 16357 20287 24240 28206 32180 36160 40144 24945 21124 17385 13793 10500 7889 6800 7889 10500 13793 17385 21124 24945
44131 40239 40144 36160 32180 28206 24240 20287 12472 40000 36000 32000 28000 24000 20000 16000 12000 8000 4000 0 4000 8000 12000 16000 20000 24000 28000 32000 36000 40144 36160 32180 28206 24240 20287 16357 12472 8693 5250 3400 5250 8693 12472 16357 20287 24240 28206 32180 36160 28814 24945 21124 17385 13793 10500 7889 6800 7889 10500 13793 17385 21124
48120 36255 44131 40144 36160 32180 28206 64219 8693 44000 40000 36000 32000 28000 24000 20000 16000 12000 8000 4000 0 4000 8000 12000 16000 20000 24000 28000 32000 44131 40144 36160 32180 28206 24240 20287 16357 12472 8693 5250 3400 5250 8693 12472 16357 20287 24240 28206 32180 32715 28814 24945 21124 17385 13793 10500 7889 6800 7889 10500 13793 17385
52111 32275 48120 44131 40144 36160 59136 137226 5250 48000 44000 40000 36000 32000 28000 24000 20000 16000 12000 8000 4000 0 4000 8000 12000 16000 20000 24000 28000 48120 44131 40144 36160 32180 28206 24240 20287 16357 12472 8693 5250 3400 5250 8693 12472 16357 20287 24240 28206 36637 32715 28814 24945 21124 17385 13793 10500 7889 6800 7889 10500 13793
56103 28300 52111 48120 44361 69205 106261 156362 3400 52000 48000 44000 40000 36000 32000 28000 24000 20000 16000 12000 8000 4000 0 4000 8000 12000 16000 20000 24000 52111 48120 44131 40144 36160 32180 28206 24240 20287 16357 12472 8693 5250 3400 5250 8693 12472 16357 20287 24240 40574 36637 32715 28814 24945 21124 17385 13793 10500 7889 6800 7889 10500
60096 24334 56103 60729 79726 104574 138933 174115 5250 56000 52000 48000 44000 40000 36000 32000 28000 24000 20000 16000 12000 8000 4000 0 4000 8000 12000 16000 20000 56103 52111 48120 44131 40144 36160 32180 28206 24240 20287 16357 12472 8693 5250 3400 5250 8693 12472 16357 20287 44522 40574 36637 32715 28814 24945 21124 17385 13793 10500 7889 6800 7889
64090 20381 74620 90128 109173 133219 164787 190728 8693 60000 56000 52000 48000 44000 40000 36000 32000 28000 24000 20000 16000 12000 8000 4000 0 4000 8000 12000 16000 60096 56103 52111 48120 44131 40144 36160 32180 28206 24240 20287 16357 12472 8693 5250 3400 5250 8693 12472 16357 48479 44522 40574 36637 32715 28814 24945 21124 17385 13793 10500 7889 6800
68085 16450 100326 115886 134610 157618 186711 206368 12472 64000 60000 56000 52000 48000 44000 40000 36000 32000 28000 24000 20000 16000 12000 8000 4000 0 4000 8000 12000 64090 60096 56103 52111 48120 44131 40144 36160 32180 28206 24240 20287 16357 12472 8693 5250 3400 5250 8693 12472 52443 48479 44522 40574 36637 32715 28814 24945 21124 17385 13793 10500 7889
72080 12564 123504 138915 157152 179091 206062 221162 16357 68000 64000 60000 56000 52000 48000 44000 40000 36000 32000 28000 24000 20000 16000 12000 8000 4000 0 4000 8000 68085 64090 60096 56103 52111 48120 44131 40144 36160 32180 28206 24240 20287 16357 12472 8693 5250 3400 5250 8693 56411 52443 48479 44522 40574 36637 32715 28814 24945 21124 17385 13793 10500
76076 8780 144670 159820 177505 198419 223220 231276 20287 72000 68000 64000 60000 56000 52000 48000 44000 40000 36000 32000 28000 24000 20000 16000 12000 8000 4000 0 4000 72080 68085 64090 60096 56103 52111 48120 44131 40144 36160 32180 28206 24240 20287 16357 12472 8693 5250 3400 5250 60384 56411 52443 48479 44522 40574 36637 32715 28814 24945 21124 17385 13793
80072 5323 164194 179023 196136 216094 234225 238654 55685 76000 72000 68000 64000 60000 56000 52000 48000 44000 40000 36000 32000 28000 24000 20000 16000 12000 8000 4000 0 76076 72080 68085 64090 60096 56103 52111 48120 44131 40144 36160 32180 28206 24240 20287 16357 12472 8693 5250 3400 64360 60384 56411 52443 48479 44522 40574 36637 32715 28814 24945 21124 17385
4000 80095 6800 7889 10500 13793 17385 21124 120127 3400 5250 8693 12472 16357 20287 24240 28206 32180 36160 40144 44131 48120 52111 56103 60096 64090 68085 72080 76076 0 4000 8000 12000 16000 20000 24000 28000 32000 36000 40000 44000 48000 52000 56000 60000 64000 68000 72000 76000 12472 16357 20287 24240 28206 32180 36160 40144 44131 48120 52111 56103 60096
8000 76095 7889 6800 7889 10500 13793 17385 96342 5250 3400 5250 8693 12472 16357 20287 24240 28206 32180 36160 40144 44131 48120 52111 56103 60096 64090 68085 72080 4000 0 4000 8000 12000 16000 20000 24000 28000 32000 36000 40000 44000 48000 52000 56000 60000 64000 68000 72000 8693 12472 16357 20287 24240 28206 32180 36160 40144 44131 48120 52111 56103
12000 72095 10500 7889 6800 7889 10500 13793 71004 8693 5250 3400 5250 8693 12472 16357 20287 24240 28206 32180 36160 40144 44131 48120 52111 56103 60096 64090 68085 8000 4000 0 4000 8000 12000 16000 20000 24000 28000 32000 36000 40000 44000 48000 52000 56000 60000 64000 68000 5250 8693 12472 16357 20287 24240 28206 32180 36160 40144 44131 48120 52111
16000 68095 13793 10500 7889 6800 7889 10500 41429 12472 8693 5250 3400 5250 8693 12472 16357 20287 24240 28206 32180 36160 40144 44131 48120 52111 56103 60096 64090 12000 8000 4000 0 4000 8000 12000 16000 20000 24000 28000 32000 36000 40000 44000 48000 52000 56000 60000 64000 3400 5250 8693 12472 16357 20287 24240 28206 32180 36160 40144 44131 48120
20000 64095 17385 13793 10500 7889 6800 7889 36637 16357 12472 8693 5250 3400 5250 8693 12472 16357 20287 24240 28206 32180 36160 40144 44131 48120 52111 56103 60096 16000 12000 8000 4000 0 4000 8000 12000 16000 20000 24000 28000 32000 36000 40000 44000 48000 52000 56000 60000 5250 3400 5250 8693 12472 16357 20287 24240 28206 32180 36160 40144 44131
24000 60095 21124 17385 13793 10500 7889 6800 32715 20287 16357 12472 8693 5250 3400 5250 8693 12472 16357 20287 24240 28206 32180 36160 40144 44131 48120 52111 56103 20000 16000 12000 8000 4000 0 4000 8000 12000 16000 20000 24000 28000 32000 36000 40000 44000 48000 52000 56000 8693 5250 3400 5250 8693 12472 16357 20287 24240 28206 32180 36160 40144
28000 56095 24945 21124 17385 13793 10500 7889 28814 24240 20287 16357 12472 8693 5250 3400 5250 8693 12472 16357 20287 24240 28206 32180 36160 40144 44131 48120 52111 24000 20000 16000 12000 8000 4000 0 4000 8000 12000 16000 20000 24000 28000 32000 36000 40000 44000 48000 52000 12472 8693 5250 3400 5250 8693 12472 16357 20287 24240 28206 32180 36160
32000 52095 28814 24945 21124 17385 13793 10500 24945 28206 24240 20287 16357 12472 8693 5250 3400 5250 8693 12472 16357 20287 24240 28206 32180 36160 40144 44131 48120 28000 24000 20000 16000 12000 8000 4000 0 4000 8000 12000 16000 20000 24000 28000 32000 36000 40000 44000 48000 16357 12472 8693 5250 3400 5250 8693 12472 16357 20287 24240 28206 32180
36000 48095 32715 28814 24945 21124 17385 13793 21124 32180 28206 24240 20287 16357 12472 8693 5250 3400 5250 8693 12472 16357 20287 24240 28206 32180 36160 40144 44131 32000 28000 24000 20000 16000 12000 8000 4000 0 4000 8000 12000 16000 20000 24000 28000 32000 36000 40000 44000 20287 16357 12472 8693 5250 3400 5250 8693 12472 16357 20287 24240 28206
40000 44095 36637 32715 28814 24945 21124 17385 17385 36160 32180 28206 24240 20287 16357 12472 8693 5250 3400 5250 8693 12472 16357 20287 24240 28206 32180 36160 40144 36000 32000 28000 24000 20000 16000 12000 8000 4000 0 4000 8000 12000 16000 20000 24000 28000 32000 36000 40000 24240 20287 16357 12472 8693 5250 3400 5250 8693 12472 16357 20287 24240
44000 40095 40574 36637 32715 28814 24945 21124 13793 40144 36160 32180 28206 24240 20287 16357 12472 8693 5250 3400 5250 8693 12472 16357 20287 24240 28206 32180 36160 40000 36000 32000 28000 24000 20000 16000 12000 8000 4000 0 4000 8000 12000 16000 20000 24000 28000 32000 36000 28206 24240 20287 16357 12472 8693 5250 3400 5250 8693 12472 16357 20287
48000 36095 44522 40574 36637 32715 28814 24945 10500 44131 40144 36160 32180 28206 24240 20287 16357 12472 8693 5250 3400 5250 8693 12472 16357 20287 24240 28206 32180 44000 40000 36000 32000 28000 24000 20000 16000 12000 8000 4000 0 4000 8000 12000 16000 20000 24000 28000 32000 32180 28206 24240 20287 16357 12472 8693 5250 3400 5250 8693 12472 16357
52000 32095 48479 44522 40574 36637 32715 28814 7889 48120 44131 40144 36160 32180 28206 24240 20287 16357 12472 8693 5250 3400 5250 8693 12472 16357 20287 24240 28206 48000 44000 40000 36000 32000 28000 24000 20000 16000 12000 8000 4000 0 4000 8000 12000 16000 20000 24000 28000 36160 32180 28206 24240 20287 16357 12472 8693 5250 3400 5250 8693 12472
56000 28095 52443 48479 44522 40574 36637 32715 6800 52111 48120 44131 40144 36160 32180 28206 24240 20287 16357 12472 8693 5250 3400 5250 8693 12472 16357 20287 24240 52000 48000 44000 40000 36000 32000 28000 24000 20000 16000 12000 8000 4000 0 4000 8000 12000 16000 20000 24000 40144 36160 32180 28206 24240 20287 16357 12472 8693 5250 3400 5250 8693
60000 24095 56411 52443 48479 44522 40574 36637 7889 56103 52111 48120 44131 40144 36160 32180 28206 24240 20287 16357 12472 8693 5250 3400 5250 8693 12472 16357 20287 56000 52000 48000 44000 40000 36000 32000 28000 24000 20000 16000 12000 8000 4000 0 4000 8000 12000 16000 20000 44131 40144 36160 32180 28206 24240 20287 16357 12472 8693 5250 3400 5250
64000 20095 60384 56411 52443 48479 44522 40574 10500 60096 56103 52111 48120 44131 40144 36160 32180 28206 24240 20287 16357 12472 8693 5250 3400 5250 8693 12472 16357 60000 56000 52000 48000 44000 40000 36000 32000 28000 24000 20000 16000 12000 8000 4000 0 4000 8000 12000 16000 48120 44131 40144 36160 32180 28206 24240 20287 16357 12472 8693 5250 3400
68000 16095 64360 60384 56411 52443 48479 44522 13793 64090 60096 56103 52111 48120 44131 40144 36160 32180 28206 24240 20287 16357 12472 8693 5250 3400 5250 8693 12472 64000 60000 56000 52000 48000 44000 40000 36000 32000 28000 24000 20000 16000 12000 8000 4000 0 4000 8000 12000 52111 48120 44131 40144 36160 32180 28206 24240 20287 16357 12472 8693 5250
72000 12095 68339 64360 60384 56411 52443 88459 17385 68085 64090 60096 56103 52111 48120 44131 40144 36160 32180 28206 24240 20287 16357 12472 8693 5250 3400 5250 8693 68000 64000 60000 56000 52000 48000 44000 40000 36000 32000 28000 24000 20000 16000 12000 8000 4000 0 4000 8000 56103 52111 48120 44131 40144 36160 32180 28206 24240 20287 16357 12472 8693
76000 8095 72320 68339 64360 60384 56411 147311 21124 72080 68085 64090 60096 56103 52111 48120 44131 40144 36160 32180 28206 24240 20287 16357 12472 8693 5250 3400 5250 72000 68000 64000 60000 56000 52000 48000 44000 40000 36000 32000 28000 24000 20000 16000 12000 8000 4000 0 4000 60096 56103 52111 48120 44131 40144 36160 32180 28206 24240 20287 16357 12472
80000 4095 76304 72320 68339 64360 60384 165432 24945 76076 72080 68085 64090 60096 56103 52111 48120 44131 40144 36160 32180 28206 24240 20287 16357 12472 8693 5250 3400 76000 72000 68000 64000 60000 56000 52000 48000 44000 40000 36000 32000 28000 24000 20000 16000 12000 8000 4000 0 64090 60096 56103 52111 48120 44131 40144 36160 32180 28206 24240 20287 16357
16357 68180 15749 12963 10956 10200 10956 12963 41280 13793 10500 7889 6800 7889 10500 13793 17385 21124 24945 28814 32715 36637 40574 44522 48479 52443 56411 60384 64360 12472 8693 5250 3400 5250 8693 12472 16357 20287 24240 28206 32180 36160 40144 44131 48120 52111 56103 60096 64090 0 4000 8000 12000 16000 20000 24000 28000 32000 36000 40000 44000 48000
20287 64185 18975 15749 12963 10956 10200 10956 37417 17385 13793 10500 7889 6800 7889 10500 13793 17385 21124 24945 28814 32715 36637 40574 44522 48479 52443 56411 60384 16357 12472 8693 5250 3400 5250 8693 12472 16357 20287 24240 28206 32180 36160 40144 44131 48120 52111 56103 60096 4000 0 4000 8000 12000 16000 20000 24000 28000 32000 36000 40000 44000
24240 60191 22451 18975 15749 12963 10956 10200 33586 21124 17385 13793 10500 7889 6800 7889 10500 13793 17385 21124 24945 28814 32715 36637 40574 44522 48479 52443 56411 20287 16357 12472 8693 5250 3400 5250 8693 12472 16357 20287 24240 28206 32180 36160 40144 44131 48120 52111 56103 8000 4000 0 4000 8000 12000 16000 20000 24000 28000 32000 36000 40000
28206 56198 26078 22451 18975 15749 12963 10956 29800 24945 21124 17385 13793 10500 7889 6800 7889 10500 13793 17385 21124 24945 28814 32715 36637 40574 44522 48479 52443 24240 20287 16357 12472 8693 5250 3400 5250 8693 12472 16357 20287 24240 28206 32180 36160 40144 44131 48120 52111 12000 8000 4000 0 4000 8000 12000 16000 20000 24000 28000 32000 36000
32180 52206 29800 26078 22451 18975 15749 12963 26078 28814 24945 21124 17385 13793 10500 7889 6800 7889 10500 13793 17385 21124 24945 28814 32715 36637 40574 44522 48479 28206 24240 20287 16357 12472 8693 5250 3400 5250 8693 12472 16357 20287 24240 28206 32180 36160 40144 44131 48120 16000 12000 8000 4000 0 4000 8000 12000 16000 20000 24000 28000 32000
36160 48215 33586 29800 26078 22451 18975 15749 22451 32715 28814 24945 21124 17385 13793 10500 7889 6800 7889 10500 13793 17385 21124 24945 28814 32715 36637 40574 44522 32180 28206 24240 20287 16357 12472 8693 5250 3400 5250 8693 12472 16357 20287 24240 28206 32180 36160 40144 44131 20000 16000 12000 8000 4000 0 4000 8000 12000 16000 20000 24000 28000
40144 44226 37417 33586 29800 26078 22451 18975 18975 36637 32715 28814 24945 21124 17385 13793 10500 7889 6800 7889 10500 13793 17385 21124 24945 28814 32715 36637 40574 36160 32180 28206 24240 20287 16357 12472 8693 5250 3400 5250 8693 12472 16357 20287 24240 28206 32180 36160 40144 24000 20000 16000 12000 8000 4000 0 4000 8000 12000 16000 20000 24000
44131 40239 41280 37417 33586 29800 26078 22451 15749 40574 36637 32715 28814 24945 21124 17385 13793 10500 7889 6800 7889 10500 13793 17385 21124 24945 28814 32715 36637 40144 36160 32180 28206 24240 20287 16357 12472 8693 5250 3400 5250 8693 12472 16357 20287 24240 28206 32180 36160 28000 24000 20000 16000 12000 8000 4000 0 4000 8000 12000 16000 20000
48120 36255 45167 41280 37417 33586 29800 26078 12963 44522 40574 36637 32715 28814 24945 21124 17385 13793 10500 7889 6800 7889 10500 13793 17385 21124 24945 28814 32715 44131 40144 36160 32180 28206 24240 20287 16357 12472 8693 5250 3400 5250 8693 12472 16357 20287 24240 28206 32180 32000 28000 24000 20000 16000 12000 8000 4000 0 4000 8000 12000 16000
52111 32275 49072 45167 41280 37417 33586 29800 10956 48479 44522 40574 36637 32715 28814 24945 21124 17385 13793 10500 7889 6800 7889 10500 13793 17385 21124 24945 28814 48120 44131 40144 36160 32180 28206 24240 20287 16357 12472 8693 5250 3400 5250 8693 12472 16357 20287 24240 28206 36000 32000 28000 24000 20000 16000 12000 8000 4000 0 4000 8000 12000
56103 28300 52991 49072 45167 41280 37417 33586 10200 52443 48479 44522 40574 36637 32715 28814 24945 21124 17385 13793 10500 7889 6800 7889 10500 13793 17385 21124 24945 52111 48120 44131 40144 36160 32180 28206 24240 20287 16357 12472 8693 5250 3400 5250 8693 12472 16357 20287 24240 40000 36000 32000 28000 24000 20000 16000 12000 8000 4000 0 4000 8000
60096 24334 56921 52991 49072 45167 41280 37417 10956 56411 52443 48479 44522 40574 36637 32715 28814 24945 21124 17385 13793 10500 7889 6800 7889 10500 13793 17385 21124 56103 52111 48120 44131 40144 36160 32180 28206 24240 20287 16357 12472 8693 5250 3400 5250 8693 12472 16357 20287 44000 40000 36000 32000 28000 24000 20000 16000 12000 8000 4000 0 4000
64090 20381 60861 56921 52991 49072 45167 41280 12963 60384 56411 52443 48479 44522 40574 36637 32715 28814 24945 21124 17385 13793 10500 7889 6800 7889 10500 13793 17385 60096 56103 52111 48120 44131 40144 36160 32180 28206 24240 20287 16357 12472 8693 5250 3400 5250 8693 12472 16357 48000 44000 40000 36000 32000 28000 24000 20000 16000 12000 8000 4000 0
