BLOCK_NO: 21
POINTS: 151
COORDINATES:
0 -118.000000 27.000000
1 -164.555556 14.444444
2 -157.749287 51.494778
3 -161.611305 50.453232
4 -165.473323 49.411685
5 -169.335340 48.370139
6 -145.277920 51.336703
7 -149.139937 50.295156
8 -153.001955 49.253610
9 -156.863973 48.212063
10 -160.725990 47.170517
11 -164.588008 46.128970
12 -168.450026 45.087424
13 -172.312044 44.045877
14 -128.944534 52.220174
15 -132.806552 51.178627
16 -136.668570 50.137081
17 -140.530587 49.095534
18 -144.392605 48.053988
19 -148.254623 47.012441
20 -152.116640 45.970895
21 -155.978658 44.929348
22 -159.840676 43.887802
23 -163.702694 42.846255
24 -167.564711 41.804708
25 -171.426729 40.763162
26 -175.288747 39.721615
27 -128.059220 48.937459
28 -131.921237 47.895912
29 -135.783255 46.854366
30 -139.645273 45.812819
31 -143.507290 44.771273
32 -147.369308 43.729726
33 -151.231326 42.688180
34 -155.093344 41.646633
35 -158.955361 40.605086
36 -162.817379 39.563540
37 -166.679397 38.521993
38 -170.541414 37.480447
39 -174.403432 36.438900
40 -123.311887 46.696290
41 -127.173905 45.654744
42 -131.035923 44.613197
43 -134.897940 43.571651
44 -138.759958 42.530104
45 -142.621976 41.488558
46 -146.483994 40.447011
47 -150.346011 39.405465
48 -154.208029 38.363918
49 -158.070047 37.322371
50 -161.932064 36.280825
51 -165.794082 35.239278
52 -169.656100 34.197732
53 -173.518118 33.156185
54 -122.426573 43.413575
55 -126.288591 42.372029
56 -130.150608 41.330482
57 -134.012626 40.288936
58 -137.874644 39.247389
59 -141.736661 38.205843
60 -145.598679 37.164296
61 -149.460697 36.122749
62 -153.322714 35.081203
63 -157.184732 34.039656
64 -161.046750 32.998110
65 -164.908768 31.956563
66 -168.770785 30.915017
67 -172.632803 29.873470
68 -176.494821 28.831924
69 -121.541258 40.130860
70 -125.403276 39.089314
71 -129.265294 38.047767
72 -133.127311 37.006221
73 -136.989329 35.964674
74 -140.851347 34.923128
75 -144.713365 33.881581
76 -148.575382 32.840034
77 -152.437400 31.798488
78 -156.299418 30.756941
79 -160.161435 29.715395
80 -164.023453 28.673848
81 -167.885471 27.632302
82 -171.747488 26.590755
83 -175.609506 25.549209
84 -120.655944 36.848145
85 -124.517961 35.806599
86 -128.379979 34.765052
87 -132.241997 33.723506
88 -136.104015 32.681959
89 -139.966032 31.640412
90 -143.828050 30.598866
91 -147.690068 29.557319
92 -151.552085 28.515773
93 -155.414103 27.474226
94 -159.276121 26.432680
95 -163.138139 25.391133
96 -167.000156 24.349587
97 -170.862174 23.308040
98 -174.724192 22.266494
99 -119.770629 33.565430
100 -123.632647 32.523884
101 -127.494665 31.482337
102 -131.356682 30.440790
103 -135.218700 29.399244
104 -139.080718 28.357697
105 -142.942735 27.316151
106 -146.804753 26.274604
107 -150.666771 25.233058
108 -154.528789 24.191511
109 -158.390806 23.149965
110 -162.252824 22.108418
111 -166.114842 21.066872
112 -169.976859 20.025325
113 -118.885315 30.282715
114 -122.747332 29.241169
115 -126.609350 28.199622
116 -130.471368 27.158075
117 -134.333385 26.116529
118 -138.195403 25.074982
119 -142.057421 24.033436
120 -145.919439 22.991889
121 -149.781456 21.950343
122 -153.643474 20.908796
123 -157.505492 19.867250
124 -161.367509 18.825703
125 -165.229527 17.784157
126 -169.091545 16.742610
127 -121.862018 25.958453
128 -125.724035 24.916907
129 -129.586053 23.875360
130 -133.448071 22.833814
131 -137.310089 21.792267
132 -141.172106 20.750721
133 -145.034124 19.709174
134 -148.896142 18.667628
135 -152.758159 17.626081
136 -156.620177 16.584535
137 -160.482195 15.542988
138 -120.976703 22.675738
139 -124.838721 21.634192
140 -128.700739 20.592645
141 -132.562756 19.551099
142 -136.424774 18.509552
143 -140.286792 17.468006
144 -144.148809 16.426459
145 -148.010827 15.384913
146 -151.872845 14.343366
147 -123.953406 18.351477
148 -127.815424 17.309930
149 -131.677442 16.268384
150 -135.539459 15.226837
TOUR_ORDER:
0 113 99 114 100 85 84 69 70 55 54 40 41 27 14 15 28 42 56 71 86 101 115 128 127 138 139 147 148 140 129 116 102 87 72 57 43 29 16 17 30 44 58 73 88 103 117 130 141 149 150 142 131 118 104 89 74 59 45 31 18 6 7 19 32 46 60 75 90 105 119 132 143 144 133 120 106 91 76 61 47 33 20 8 9 2 3 10 22 21 34 48 62 77 92 107 121 134 145 146 135 122 108 93 78 63 49 35 36 23 11 4 5 12 24 37 51 50 64 79 94 109 123 136 137 124 110 95 80 65 66 52 38 25 13 26 39 53 67 68 83 98 97 82 81 96 111 112 126 125 1
