# 第27块采样点
# 总点数: 115
# 索引0: 起点, 1: 退出点, 2+: 网格点
# 格式: 索引 X Y

0 -202.000000 -51.000000
1 -196.000000 -9.000000
2 -176.742146 -42.486434
3 -176.176460 -38.526636
4 -175.610775 -34.566838
5 -175.045090 -30.607040
6 -174.479404 -26.647242
7 -180.673659 -45.965400
8 -180.107974 -42.005602
9 -179.542289 -38.045804
10 -178.976603 -34.086006
11 -178.410918 -30.126208
12 -177.845232 -26.166410
13 -177.279547 -22.206612
14 -176.713862 -18.246814
15 -184.039488 -45.484567
16 -183.473802 -41.524769
17 -182.908117 -37.564971
18 -182.342431 -33.605173
19 -181.776746 -29.645375
20 -181.211061 -25.685577
21 -180.645375 -21.725779
22 -180.079690 -17.765981
23 -179.514004 -13.806183
24 -187.971001 -48.963532
25 -187.405316 -45.003734
26 -186.839631 -41.043937
27 -186.273945 -37.084139
28 -185.708260 -33.124341
29 -185.142574 -29.164543
30 -184.576889 -25.204745
31 -184.011203 -21.244947
32 -183.445518 -17.285149
33 -182.879833 -13.325351
34 -191.902515 -52.442498
35 -191.336830 -48.482700
36 -190.771144 -44.522902
37 -190.205459 -40.563104
38 -189.639773 -36.603306
39 -189.074088 -32.643508
40 -188.508403 -28.683710
41 -187.942717 -24.723912
42 -187.377032 -20.764114
43 -186.811346 -16.804316
44 -186.245661 -12.844518
45 -195.268343 -51.961665
46 -194.702658 -48.001867
47 -194.136973 -44.042069
48 -193.571287 -40.082271
49 -193.005602 -36.122473
50 -192.439916 -32.162675
51 -191.874231 -28.202877
52 -191.308545 -24.243079
53 -190.742860 -20.283281
54 -190.177175 -16.323483
55 -189.611489 -12.363685
56 -198.634172 -51.480833
57 -198.068486 -47.521035
58 -197.502801 -43.561237
59 -196.937115 -39.601439
60 -196.371430 -35.641641
61 -195.805745 -31.681843
62 -195.240059 -27.722045
63 -194.674374 -23.762247
64 -194.108688 -19.802449
65 -193.543003 -15.842651
66 -192.977317 -11.882853
67 -201.434315 -47.040202
68 -200.868629 -43.080404
69 -200.302944 -39.120606
70 -199.737258 -35.160808
71 -199.171573 -31.201010
72 -198.605887 -27.241212
73 -198.040202 -23.281414
74 -197.474517 -19.321616
75 -196.908831 -15.361818
76 -196.343146 -11.402020
77 -204.800143 -46.559369
78 -204.234457 -42.599571
79 -203.668772 -38.639773
80 -203.103087 -34.679975
81 -202.537401 -30.720178
82 -201.971716 -26.760380
83 -201.406030 -22.800582
84 -200.840345 -18.840784
85 -200.274659 -14.880986
86 -199.708974 -10.921188
87 -208.165971 -46.078537
88 -207.600286 -42.118739
89 -207.034600 -38.158941
90 -206.468915 -34.199143
91 -205.903229 -30.239345
92 -205.337544 -26.279547
93 -204.771859 -22.319749
94 -204.206173 -18.359951
95 -203.640488 -14.400153
96 -203.074802 -10.440355
97 -211.531799 -45.597704
98 -210.966114 -41.637906
99 -210.400429 -37.678108
100 -209.834743 -33.718310
101 -209.269058 -29.758512
102 -208.703372 -25.798714
103 -208.137687 -21.838916
104 -207.572001 -17.879118
105 -207.006316 -13.919320
106 -206.440631 -9.959522
107 -214.331942 -41.157074
108 -213.766257 -37.197276
109 -213.200571 -33.237478
110 -212.634886 -29.277680
111 -212.069201 -25.317882
112 -211.503515 -21.358084
113 -210.937830 -17.398286
114 -210.372144 -13.438488
