BLOCK_NO: 7
POINTS: 41
COORDINATES:
0 56.000000 167.000000
1 49.731241 183.128240
2 54.184995 209.209783
3 52.735879 212.938062
4 51.286764 216.666341
5 49.837649 220.394620
6 48.388533 224.122899
7 55.363304 196.793198
8 53.914188 200.521477
9 52.465073 204.249756
10 51.015958 207.978035
11 49.566842 211.706314
12 48.117727 215.434593
13 46.668611 219.162872
14 45.219496 222.891151
15 55.092497 188.104891
16 53.643382 191.833170
17 52.194267 195.561449
18 50.745151 199.289728
19 49.296036 203.018008
20 47.846920 206.746287
21 46.397805 210.474566
22 54.821691 179.416585
23 53.372576 183.144864
24 51.923460 186.873143
25 50.474345 190.601422
26 54.550885 170.728279
27 53.101769 174.456558
28 51.652654 178.184837
29 54.280078 162.039973
30 52.830963 165.768252
31 51.381847 169.496531
32 55.458387 149.623388
33 54.009272 153.351667
34 52.560156 157.079946
35 51.111041 160.808225
36 53.738465 144.663361
37 52.289350 148.391640
38 50.840235 152.119919
39 49.391119 155.848198
40 49.120313 147.159892
TOUR_ORDER:
0 29 34 33 32 36 40 37 38 39 35 30 31 26 27 28 22 23 15 16 7 8 9 10 2 3 4 5 6 14 13 12 11 21 20 19 18 17 25 24 1
