BLOCK_NO: 31
POINTS: 56
COORDINATES:
0 -164.000000 75.000000
1 -164.000000 83.000000
2 -109.600000 75.000000
3 -113.000000 75.000000
4 -113.000000 79.000000
5 -116.400000 75.000000
6 -116.400000 79.000000
7 -116.400000 83.000000
8 -119.800000 75.000000
9 -119.800000 79.000000
10 -119.800000 83.000000
11 -123.200000 75.000000
12 -123.200000 79.000000
13 -126.600000 71.000000
14 -126.600000 75.000000
15 -126.600000 79.000000
16 -130.000000 71.000000
17 -130.000000 75.000000
18 -130.000000 79.000000
19 -133.400000 71.000000
20 -133.400000 75.000000
21 -133.400000 79.000000
22 -136.800000 71.000000
23 -136.800000 75.000000
24 -136.800000 79.000000
25 -140.200000 71.000000
26 -140.200000 75.000000
27 -140.200000 79.000000
28 -143.600000 71.000000
29 -143.600000 75.000000
30 -143.600000 79.000000
31 -143.600000 83.000000
32 -147.000000 71.000000
33 -147.000000 75.000000
34 -147.000000 79.000000
35 -147.000000 83.000000
36 -147.000000 87.000000
37 -150.400000 71.000000
38 -150.400000 75.000000
39 -150.400000 79.000000
40 -150.400000 83.000000
41 -150.400000 87.000000
42 -153.800000 71.000000
43 -153.800000 75.000000
44 -153.800000 79.000000
45 -153.800000 83.000000
46 -153.800000 87.000000
47 -157.200000 71.000000
48 -157.200000 75.000000
49 -157.200000 79.000000
50 -157.200000 83.000000
51 -157.200000 87.000000
52 -160.600000 71.000000
53 -160.600000 75.000000
54 -160.600000 79.000000
55 -160.600000 83.000000
TOUR_ORDER:
0 52 47 42 37 32 28 25 22 23 20 17 19 16 13 14 11 8 5 3 2 4 6 7 10 9 12 15 18 21 24 27 26 29 33 38 43 48 53 54 49 44 45 40 39 34 30 31 35 36 41 46 51 50 55 1
