# 第23块采样点
# 总点数: 95
# 索引0: 起点, 1: 退出点, 2+: 网格点
# 格式: 索引 X Y

0 -156.000000 -33.000000
1 -148.000000 -69.000000
2 -170.859736 -44.497314
3 -169.992015 -48.402063
4 -166.521127 -64.021055
5 -165.653405 -67.925804
6 -168.408422 -39.855002
7 -167.540700 -43.759751
8 -166.672979 -47.664499
9 -163.202091 -63.283492
10 -162.334369 -67.188240
11 -161.466648 -71.092988
12 -165.957108 -35.212691
13 -165.089386 -39.117439
14 -164.221664 -43.022187
15 -163.353943 -46.926935
16 -162.486221 -50.831684
17 -161.618499 -54.736432
18 -160.750777 -58.641180
19 -159.883055 -62.545928
20 -159.015333 -66.450677
21 -158.147612 -70.355425
22 -162.638072 -34.475127
23 -161.770350 -38.379875
24 -160.902628 -42.284624
25 -160.034907 -46.189372
26 -159.167185 -50.094120
27 -158.299463 -53.998868
28 -157.431741 -57.903617
29 -156.564019 -61.808365
30 -155.696297 -65.713113
31 -154.828576 -69.617861
32 -159.319036 -33.737564
33 -158.451314 -37.642312
34 -157.583592 -41.547060
35 -156.715871 -45.451808
36 -155.848149 -49.356557
37 -154.980427 -53.261305
38 -154.112705 -57.166053
39 -153.244983 -61.070801
40 -152.377261 -64.975549
41 -151.509540 -68.880298
42 -155.132278 -36.904748
43 -154.264556 -40.809496
44 -153.396835 -44.714245
45 -152.529113 -48.618993
46 -151.661391 -52.523741
47 -150.793669 -56.428489
48 -149.925947 -60.333238
49 -149.058225 -64.237986
50 -148.190504 -68.142734
51 -151.813242 -36.167185
52 -150.945520 -40.071933
53 -150.077799 -43.976681
54 -149.210077 -47.881429
55 -148.342355 -51.786178
56 -147.474633 -55.690926
57 -146.606911 -59.595674
58 -145.739189 -63.500422
59 -144.871468 -67.405171
60 -148.494206 -35.429621
61 -147.626484 -39.334369
62 -146.758762 -43.239118
63 -145.891041 -47.143866
64 -145.023319 -51.048614
65 -144.155597 -54.953362
66 -143.287875 -58.858111
67 -142.420153 -62.762859
68 -145.175170 -34.692058
69 -144.307448 -38.596806
70 -143.439726 -42.501554
71 -142.572005 -46.406302
72 -141.704283 -50.311051
73 -140.836561 -54.215799
74 -139.968839 -58.120547
75 -139.101117 -62.025295
76 -141.856134 -33.954494
77 -140.988412 -37.859242
78 -140.120690 -41.763990
79 -139.252969 -45.668739
80 -138.385247 -49.573487
81 -137.517525 -53.478235
82 -136.649803 -57.382983
83 -135.782081 -61.287732
84 -137.669376 -37.121679
85 -136.801654 -41.026427
86 -135.933933 -44.931175
87 -135.066211 -48.835923
88 -134.198489 -52.740672
89 -133.330767 -56.645420
90 -132.463045 -60.550168
91 -131.747175 -48.098360
92 -130.879453 -52.003108
93 -130.011731 -55.907856
94 -129.144009 -59.812605
