0 36878 18788 20809 86854 36235 14176 15778 18137 31128 34770 38483 10200 10956 12963 15749 18975 22451 26078 29800 33586 37417 6800 7889 10500 13793 17385 21124 24945 28814 32715 36637 3400 5250 8693 12472 16357 20287 24240 28206 32180 36160 4000 8000 12000 16000 20000 24000 28000 32000 36000 5250 8693 12472 16357 20287 24240 28206 32180 36160 7889 10500 13793 17385 21124 24945 28814 32715 10956 12963 15749 18975 22451 26078 29800 33586 14176 15778 18137 20999 24186 27586 31128 34770 18788 20809 23345 26249 29411 32757 36235 28569 31499 34643 37949
36878 0 33510 36410 19179 17686 35580 31920 28353 16241 14448 13628 38263 34424 30627 26888 23237 19721 16428 13523 11306 10238 37500 33574 29668 25791 21958 18197 14563 11183 8369 6856 37035 33054 29078 25109 21153 17217 13319 9507 5946 3512 32878 28878 24878 20878 16878 12878 8878 4878 878 33054 29078 25109 21153 17217 13319 9507 5946 3512 33574 29668 25791 21958 18197 14563 11183 8369 34424 30627 26888 23237 19721 16428 13523 11306 35580 31920 28353 24917 21676 18730 16241 14448 33510 30132 26924 23956 21327 19179 17686 26477 24125 22248 20975
18788 33510 0 4000 140746 144746 5250 3400 5250 110993 123619 134159 10500 7889 6800 7889 10500 13793 17385 39097 85022 99298 12963 10956 10200 10956 12963 15749 18975 22451 26078 33761 15778 14176 13600 14176 15778 18137 20999 24186 27586 31128 17464 17000 17464 18788 20809 23345 26249 29411 32757 20788 20400 20788 21913 23668 25926 28569 31499 34643 24134 23800 24134 25109 26654 28678 31088 33800 27493 27200 27493 28352 29729 31557 33762 36275 30860 30600 30860 31628 32869 34531 36556 38889 34000 34234 34928 36056 37577 39446 41617 39278 40679 42412 44438
20809 36410 4000 0 136746 140746 8693 5250 3400 116218 128161 138092 13793 10500 7889 6800 7889 10500 43575 83822 101689 113396 15749 12963 10956 10200 10956 12963 15749 34632 64602 92514 18137 15778 14176 13600 14176 15778 18137 20999 31170 57367 18788 17464 17000 17464 18788 20809 23345 26249 30203 21913 20788 20400 20788 21913 23668 25926 28569 31499 25109 24134 23800 24134 25109 26654 28678 31088 28352 27493 27200 27493 28352 29729 31557 33762 31628 30860 30600 30860 31628 32869 34531 36556 34234 34000 34234 34928 36056 37577 39446 38246 39278 40679 42412
86854 19179 140746 136746 0 4000 130104 123811 116695 3400 5250 8693 127091 118264 103756 88018 70844 27722 7889 6800 7889 10500 108589 96711 84232 69544 32972 12963 10956 10200 10956 12963 95194 84636 63671 38221 19635 15778 14176 13600 14176 15778 63394 43471 27899 20809 18788 17464 17000 17464 18788 48721 35140 25926 23668 21913 20788 20400 20788 21913 41819 31088 28678 26654 25109 24134 23800 24134 37772 33762 31557 29729 28352 27493 27200 27493 38889 36556 34531 32869 31628 30860 30600 30860 39446 37577 36056 34928 34234 34000 34234 38246 37613 37400 37613
36235 17686 144746 140746 4000 0 130974 124461 117119 5250 3400 5250 121314 107148 91673 74536 17385 13793 10500 7889 6800 7889 91658 62304 26078 22451 18975 15749 12963 10956 10200 10956 34770 31128 27586 24186 20999 18137 15778 14176 13600 14176 32757 29411 26249 23345 20809 18788 17464 17000 17464 34643 31499 28569 25926 23668 21913 20788 20400 20788 36748 33800 31088 28678 26654 25109 24134 23800 39036 36275 33762 31557 29729 28352 27493 27200 41477 38889 36556 34531 32869 31628 30860 30600 41617 39446 37577 36056 34928 34234 34000 39278 38246 37613 37400
14176 35580 5250 8693 130104 130974 0 4000 8000 68101 72101 76101 5250 3400 5250 8693 12472 16357 20287 24240 28206 32180 7889 6800 7889 10500 13793 17385 21124 24945 28814 32715 10956 10200 10956 12963 15749 18975 22451 26078 29800 33586 13600 14176 15778 18137 20999 24186 27586 31128 34770 17000 17464 18788 20809 23345 26249 29411 32757 36235 20400 20788 21913 23668 25926 28569 31499 34643 23800 24134 25109 26654 28678 31088 33800 36748 27200 27493 28352 29729 31557 33762 36275 39036 30860 31628 32869 34531 36556 38889 41477 37577 39446 41617 44045
15778 31920 3400 5250 123811 124461 4000 0 4000 64101 68101 72101 8693 5250 3400 5250 8693 12472 16357 20287 24240 28206 10500 7889 6800 7889 10500 13793 17385 21124 24945 28814 12963 10956 10200 10956 12963 15749 18975 22451 26078 29800 14176 13600 14176 15778 18137 20999 24186 27586 31128 17464 17000 17464 18788 20809 23345 26249 29411 32757 20788 20400 20788 21913 23668 25926 28569 31499 24134 23800 24134 25109 26654 28678 31088 33800 27493 27200 27493 28352 29729 31557 33762 36275 30600 30860 31628 32869 34531 36556 38889 36056 37577 39446 41617
18137 28353 5250 3400 116695 117119 8000 4000 0 60101 64101 68101 12472 8693 5250 3400 5250 8693 12472 16357 20287 24240 13793 10500 7889 6800 7889 10500 13793 17385 21124 24945 15749 12963 10956 10200 10956 12963 15749 18975 22451 26078 15778 14176 13600 14176 15778 18137 20999 24186 27586 18788 17464 17000 17464 18788 20809 23345 26249 29411 21913 20788 20400 20788 21913 23668 25926 28569 25109 24134 23800 24134 25109 26654 28678 31088 28352 27493 27200 27493 28352 29729 31557 33762 30860 30600 30860 31628 32869 34531 36556 34928 36056 37577 39446
31128 16241 110993 116218 3400 5250 68101 64101 60101 0 4000 8000 28206 24240 20287 16357 12472 8693 5250 3400 5250 8693 28814 24945 21124 17385 13793 10500 7889 6800 7889 10500 29800 26078 22451 18975 15749 12963 10956 10200 10956 12963 27586 24186 20999 18137 15778 14176 13600 14176 15778 29411 26249 23345 20809 18788 17464 17000 17464 18788 31499 28569 25926 23668 21913 20788 20400 20788 33800 31088 28678 26654 25109 24134 23800 24134 36275 33762 31557 29729 28352 27493 27200 27493 36556 34531 32869 31628 30860 30600 30860 34928 34234 34000 34234
34770 14448 123619 128161 5250 3400 72101 68101 64101 4000 0 4000 32180 28206 24240 20287 16357 12472 8693 5250 3400 5250 32715 28814 24945 21124 17385 13793 10500 7889 6800 7889 33586 29800 26078 22451 18975 15749 12963 10956 10200 10956 31128 27586 24186 20999 18137 15778 14176 13600 14176 32757 29411 26249 23345 20809 18788 17464 17000 17464 34643 31499 28569 25926 23668 21913 20788 20400 36748 33800 31088 28678 26654 25109 24134 23800 39036 36275 33762 31557 29729 28352 27493 27200 38889 36556 34531 32869 31628 30860 30600 36056 34928 34234 34000
38483 13628 134159 138092 8693 5250 76101 72101 68101 8000 4000 0 36160 32180 28206 24240 20287 16357 12472 8693 5250 3400 36637 32715 28814 24945 21124 17385 13793 10500 7889 6800 37417 33586 29800 26078 22451 18975 15749 12963 10956 10200 34770 31128 27586 24186 20999 18137 15778 14176 13600 36235 32757 29411 26249 23345 20809 18788 17464 17000 37949 34643 31499 28569 25926 23668 21913 20788 39880 36748 33800 31088 28678 26654 25109 24134 41998 39036 36275 33762 31557 29729 28352 27493 41477 38889 36556 34531 32869 31628 30860 37577 36056 34928 34234
10200 38263 10500 13793 127091 121314 5250 8693 12472 28206 32180 36160 0 4000 8000 12000 16000 20000 24000 28000 32000 36000 3400 5250 8693 12472 16357 20287 24240 28206 32180 36160 6800 7889 10500 13793 17385 21124 24945 28814 32715 36637 10956 12963 15749 18975 22451 26078 29800 33586 37417 14176 15778 18137 20999 24186 27586 31128 34770 38483 17464 18788 20809 23345 26249 29411 32757 36235 20788 21913 23668 25926 28569 31499 34643 37949 24134 25109 26654 28678 31088 33800 36748 39880 28352 29729 31557 33762 36275 39036 41998 36556 38889 41477 44276
10956 34424 7889 10500 118264 107148 3400 5250 8693 24240 28206 32180 4000 0 4000 8000 12000 16000 20000 24000 28000 32000 5250 3400 5250 8693 12472 16357 20287 24240 28206 32180 7889 6800 7889 10500 13793 17385 21124 24945 28814 32715 10200 10956 12963 15749 18975 22451 26078 29800 33586 13600 14176 15778 18137 20999 24186 27586 31128 34770 17000 17464 18788 20809 23345 26249 29411 32757 20400 20788 21913 23668 25926 28569 31499 34643 23800 24134 25109 26654 28678 31088 33800 36748 27493 28352 29729 31557 33762 36275 39036 34531 36556 38889 41477
12963 30627 6800 7889 103756 91673 5250 3400 5250 20287 24240 28206 8000 4000 0 4000 8000 12000 16000 20000 24000 28000 8693 5250 3400 5250 8693 12472 16357 20287 24240 28206 10500 7889 6800 7889 10500 13793 17385 21124 24945 28814 10956 10200 10956 12963 15749 18975 22451 26078 29800 14176 13600 14176 15778 18137 20999 24186 27586 31128 17464 17000 17464 18788 20809 23345 26249 29411 20788 20400 20788 21913 23668 25926 28569 31499 24134 23800 24134 25109 26654 28678 31088 33800 27200 27493 28352 29729 31557 33762 36275 32869 34531 36556 38889
15749 26888 7889 6800 88018 74536 8693 5250 3400 16357 20287 24240 12000 8000 4000 0 4000 8000 12000 16000 20000 24000 12472 8693 5250 3400 5250 8693 12472 16357 20287 24240 13793 10500 7889 6800 7889 10500 13793 17385 21124 24945 12963 10956 10200 10956 12963 15749 18975 22451 26078 15778 14176 13600 14176 15778 18137 20999 24186 27586 18788 17464 17000 17464 18788 20809 23345 26249 21913 20788 20400 20788 21913 23668 25926 28569 25109 24134 23800 24134 25109 26654 28678 31088 27493 27200 27493 28352 29729 31557 33762 31628 32869 34531 36556
18975 23237 10500 7889 70844 17385 12472 8693 5250 12472 16357 20287 16000 12000 8000 4000 0 4000 8000 12000 16000 20000 16357 12472 8693 5250 3400 5250 8693 12472 16357 20287 17385 13793 10500 7889 6800 7889 10500 13793 17385 21124 15749 12963 10956 10200 10956 12963 15749 18975 22451 18137 15778 14176 13600 14176 15778 18137 20999 24186 20809 18788 17464 17000 17464 18788 20809 23345 23668 21913 20788 20400 20788 21913 23668 25926 26654 25109 24134 23800 24134 25109 26654 28678 28352 27493 27200 27493 28352 29729 31557 30860 31628 32869 34531
22451 19721 13793 10500 27722 13793 16357 12472 8693 8693 12472 16357 20000 16000 12000 8000 4000 0 4000 8000 12000 16000 20287 16357 12472 8693 5250 3400 5250 8693 12472 16357 21124 17385 13793 10500 7889 6800 7889 10500 13793 17385 18975 15749 12963 10956 10200 10956 12963 15749 18975 20999 18137 15778 14176 13600 14176 15778 18137 20999 23345 20809 18788 17464 17000 17464 18788 20809 25926 23668 21913 20788 20400 20788 21913 23668 28678 26654 25109 24134 23800 24134 25109 26654 29729 28352 27493 27200 27493 28352 29729 30600 30860 31628 32869
26078 16428 17385 43575 7889 10500 20287 16357 12472 5250 8693 12472 24000 20000 16000 12000 8000 4000 0 4000 8000 12000 24240 20287 16357 12472 8693 5250 3400 5250 8693 12472 24945 21124 17385 13793 10500 7889 6800 7889 10500 13793 22451 18975 15749 12963 10956 10200 10956 12963 15749 24186 20999 18137 15778 14176 13600 14176 15778 18137 26249 23345 20809 18788 17464 17000 17464 18788 28569 25926 23668 21913 20788 20400 20788 21913 31088 28678 26654 25109 24134 23800 24134 25109 31557 29729 28352 27493 27200 27493 28352 30860 30600 30860 31628
29800 13523 39097 83822 6800 7889 24240 20287 16357 3400 5250 8693 28000 24000 20000 16000 12000 8000 4000 0 4000 8000 28206 24240 20287 16357 12472 8693 5250 3400 5250 8693 28814 24945 21124 17385 13793 10500 7889 6800 7889 10500 26078 22451 18975 15749 12963 10956 10200 10956 12963 27586 24186 20999 18137 15778 14176 13600 14176 15778 29411 26249 23345 20809 18788 17464 17000 17464 31499 28569 25926 23668 21913 20788 20400 20788 33800 31088 28678 26654 25109 24134 23800 24134 33762 31557 29729 28352 27493 27200 27493 31628 30860 30600 30860
33586 11306 85022 101689 7889 6800 28206 24240 20287 5250 3400 5250 32000 28000 24000 20000 16000 12000 8000 4000 0 4000 32180 28206 24240 20287 16357 12472 8693 5250 3400 5250 32715 28814 24945 21124 17385 13793 10500 7889 6800 7889 29800 26078 22451 18975 15749 12963 10956 10200 10956 31128 27586 24186 20999 18137 15778 14176 13600 14176 32757 29411 26249 23345 20809 18788 17464 17000 34643 31499 28569 25926 23668 21913 20788 20400 36748 33800 31088 28678 26654 25109 24134 23800 36275 33762 31557 29729 28352 27493 27200 32869 31628 30860 30600
37417 10238 99298 113396 10500 7889 32180 28206 24240 8693 5250 3400 36000 32000 28000 24000 20000 16000 12000 8000 4000 0 36160 32180 28206 24240 20287 16357 12472 8693 5250 3400 36637 32715 28814 24945 21124 17385 13793 10500 7889 6800 33586 29800 26078 22451 18975 15749 12963 10956 10200 34770 31128 27586 24186 20999 18137 15778 14176 13600 36235 32757 29411 26249 23345 20809 18788 17464 37949 34643 31499 28569 25926 23668 21913 20788 39880 36748 33800 31088 28678 26654 25109 24134 39036 36275 33762 31557 29729 28352 27493 34531 32869 31628 30860
6800 37500 12963 15749 108589 91658 7889 10500 13793 28814 32715 36637 3400 5250 8693 12472 16357 20287 24240 28206 32180 36160 0 4000 8000 12000 16000 20000 24000 28000 32000 36000 3400 5250 8693 12472 16357 20287 24240 28206 32180 36160 7889 10500 13793 17385 21124 24945 28814 32715 36637 10956 12963 15749 18975 22451 26078 29800 33586 37417 14176 15778 18137 20999 24186 27586 31128 34770 17464 18788 20809 23345 26249 29411 32757 36235 20788 21913 23668 25926 28569 31499 34643 37949 25109 26654 28678 31088 33800 36748 39880 33762 36275 39036 41998
7889 33574 10956 12963 96711 62304 6800 7889 10500 24945 28814 32715 5250 3400 5250 8693 12472 16357 20287 24240 28206 32180 4000 0 4000 8000 12000 16000 20000 24000 28000 32000 5250 3400 5250 8693 12472 16357 20287 24240 28206 32180 6800 7889 10500 13793 17385 21124 24945 28814 32715 10200 10956 12963 15749 18975 22451 26078 29800 33586 13600 14176 15778 18137 20999 24186 27586 31128 17000 17464 18788 20809 23345 26249 29411 32757 20400 20788 21913 23668 25926 28569 31499 34643 24134 25109 26654 28678 31088 33800 36748 31557 33762 36275 39036
10500 29668 10200 10956 84232 26078 7889 6800 7889 21124 24945 28814 8693 5250 3400 5250 8693 12472 16357 20287 24240 28206 8000 4000 0 4000 8000 12000 16000 20000 24000 28000 8693 5250 3400 5250 8693 12472 16357 20287 24240 28206 7889 6800 7889 10500 13793 17385 21124 24945 28814 10956 10200 10956 12963 15749 18975 22451 26078 29800 14176 13600 14176 15778 18137 20999 24186 27586 17464 17000 17464 18788 20809 23345 26249 29411 20788 20400 20788 21913 23668 25926 28569 31499 23800 24134 25109 26654 28678 31088 33800 29729 31557 33762 36275
13793 25791 10956 10200 69544 22451 10500 7889 6800 17385 21124 24945 12472 8693 5250 3400 5250 8693 12472 16357 20287 24240 12000 8000 4000 0 4000 8000 12000 16000 20000 24000 12472 8693 5250 3400 5250 8693 12472 16357 20287 24240 10500 7889 6800 7889 10500 13793 17385 21124 24945 12963 10956 10200 10956 12963 15749 18975 22451 26078 15778 14176 13600 14176 15778 18137 20999 24186 18788 17464 17000 17464 18788 20809 23345 26249 21913 20788 20400 20788 21913 23668 25926 28569 24134 23800 24134 25109 26654 28678 31088 28352 29729 31557 33762
17385 21958 12963 10956 32972 18975 13793 10500 7889 13793 17385 21124 16357 12472 8693 5250 3400 5250 8693 12472 16357 20287 16000 12000 8000 4000 0 4000 8000 12000 16000 20000 16357 12472 8693 5250 3400 5250 8693 12472 16357 20287 13793 10500 7889 6800 7889 10500 13793 17385 21124 15749 12963 10956 10200 10956 12963 15749 18975 22451 18137 15778 14176 13600 14176 15778 18137 20999 20809 18788 17464 17000 17464 18788 20809 23345 23668 21913 20788 20400 20788 21913 23668 25926 25109 24134 23800 24134 25109 26654 28678 27493 28352 29729 31557
21124 18197 15749 12963 12963 15749 17385 13793 10500 10500 13793 17385 20287 16357 12472 8693 5250 3400 5250 8693 12472 16357 20000 16000 12000 8000 4000 0 4000 8000 12000 16000 20287 16357 12472 8693 5250 3400 5250 8693 12472 16357 17385 13793 10500 7889 6800 7889 10500 13793 17385 18975 15749 12963 10956 10200 10956 12963 15749 18975 20999 18137 15778 14176 13600 14176 15778 18137 23345 20809 18788 17464 17000 17464 18788 20809 25926 23668 21913 20788 20400 20788 21913 23668 26654 25109 24134 23800 24134 25109 26654 27200 27493 28352 29729
24945 14563 18975 15749 10956 12963 21124 17385 13793 7889 10500 13793 24240 20287 16357 12472 8693 5250 3400 5250 8693 12472 24000 20000 16000 12000 8000 4000 0 4000 8000 12000 24240 20287 16357 12472 8693 5250 3400 5250 8693 12472 21124 17385 13793 10500 7889 6800 7889 10500 13793 22451 18975 15749 12963 10956 10200 10956 12963 15749 24186 20999 18137 15778 14176 13600 14176 15778 26249 23345 20809 18788 17464 17000 17464 18788 28569 25926 23668 21913 20788 20400 20788 21913 28678 26654 25109 24134 23800 24134 25109 27493 27200 27493 28352
28814 11183 22451 34632 10200 10956 24945 21124 17385 6800 7889 10500 28206 24240 20287 16357 12472 8693 5250 3400 5250 8693 28000 24000 20000 16000 12000 8000 4000 0 4000 8000 28206 24240 20287 16357 12472 8693 5250 3400 5250 8693 24945 21124 17385 13793 10500 7889 6800 7889 10500 26078 22451 18975 15749 12963 10956 10200 10956 12963 27586 24186 20999 18137 15778 14176 13600 14176 29411 26249 23345 20809 18788 17464 17000 17464 31499 28569 25926 23668 21913 20788 20400 20788 31088 28678 26654 25109 24134 23800 24134 28352 27493 27200 27493
32715 8369 26078 64602 10956 10200 28814 24945 21124 7889 6800 7889 32180 28206 24240 20287 16357 12472 8693 5250 3400 5250 32000 28000 24000 20000 16000 12000 8000 4000 0 4000 32180 28206 24240 20287 16357 12472 8693 5250 3400 5250 28814 24945 21124 17385 13793 10500 7889 6800 7889 29800 26078 22451 18975 15749 12963 10956 10200 10956 31128 27586 24186 20999 18137 15778 14176 13600 32757 29411 26249 23345 20809 18788 17464 17000 34643 31499 28569 25926 23668 21913 20788 20400 33800 31088 28678 26654 25109 24134 23800 29729 28352 27493 27200
36637 6856 33761 92514 12963 10956 32715 28814 24945 10500 7889 6800 36160 32180 28206 24240 20287 16357 12472 8693 5250 3400 36000 32000 28000 24000 20000 16000 12000 8000 4000 0 36160 32180 28206 24240 20287 16357 12472 8693 5250 3400 32715 28814 24945 21124 17385 13793 10500 7889 6800 33586 29800 26078 22451 18975 15749 12963 10956 10200 34770 31128 27586 24186 20999 18137 15778 14176 36235 32757 29411 26249 23345 20809 18788 17464 37949 34643 31499 28569 25926 23668 21913 20788 36748 33800 31088 28678 26654 25109 24134 31557 29729 28352 27493
3400 37035 15778 18137 95194 34770 10956 12963 15749 29800 33586 37417 6800 7889 10500 13793 17385 21124 24945 28814 32715 36637 3400 5250 8693 12472 16357 20287 24240 28206 32180 36160 0 4000 8000 12000 16000 20000 24000 28000 32000 36000 5250 8693 12472 16357 20287 24240 28206 32180 36160 7889 10500 13793 17385 21124 24945 28814 32715 36637 10956 12963 15749 18975 22451 26078 29800 33586 14176 15778 18137 20999 24186 27586 31128 34770 17464 18788 20809 23345 26249 29411 32757 36235 21913 23668 25926 28569 31499 34643 37949 31088 33800 36748 39880
5250 33054 14176 15778 84636 31128 10200 10956 12963 26078 29800 33586 7889 6800 7889 10500 13793 17385 21124 24945 28814 32715 5250 3400 5250 8693 12472 16357 20287 24240 28206 32180 4000 0 4000 8000 12000 16000 20000 24000 28000 32000 3400 5250 8693 12472 16357 20287 24240 28206 32180 6800 7889 10500 13793 17385 21124 24945 28814 32715 10200 10956 12963 15749 18975 22451 26078 29800 13600 14176 15778 18137 20999 24186 27586 31128 17000 17464 18788 20809 23345 26249 29411 32757 20788 21913 23668 25926 28569 31499 34643 28678 31088 33800 36748
8693 29078 13600 14176 63671 27586 10956 10200 10956 22451 26078 29800 10500 7889 6800 7889 10500 13793 17385 21124 24945 28814 8693 5250 3400 5250 8693 12472 16357 20287 24240 28206 8000 4000 0 4000 8000 12000 16000 20000 24000 28000 5250 3400 5250 8693 12472 16357 20287 24240 28206 7889 6800 7889 10500 13793 17385 21124 24945 28814 10956 10200 10956 12963 15749 18975 22451 26078 14176 13600 14176 15778 18137 20999 24186 27586 17464 17000 17464 18788 20809 23345 26249 29411 20400 20788 21913 23668 25926 28569 31499 26654 28678 31088 33800
12472 25109 14176 13600 38221 24186 12963 10956 10200 18975 22451 26078 13793 10500 7889 6800 7889 10500 13793 17385 21124 24945 12472 8693 5250 3400 5250 8693 12472 16357 20287 24240 12000 8000 4000 0 4000 8000 12000 16000 20000 24000 8693 5250 3400 5250 8693 12472 16357 20287 24240 10500 7889 6800 7889 10500 13793 17385 21124 24945 12963 10956 10200 10956 12963 15749 18975 22451 15778 14176 13600 14176 15778 18137 20999 24186 18788 17464 17000 17464 18788 20809 23345 26249 20788 20400 20788 21913 23668 25926 28569 25109 26654 28678 31088
16357 21153 15778 14176 19635 20999 15749 12963 10956 15749 18975 22451 17385 13793 10500 7889 6800 7889 10500 13793 17385 21124 16357 12472 8693 5250 3400 5250 8693 12472 16357 20287 16000 12000 8000 4000 0 4000 8000 12000 16000 20000 12472 8693 5250 3400 5250 8693 12472 16357 20287 13793 10500 7889 6800 7889 10500 13793 17385 21124 15749 12963 10956 10200 10956 12963 15749 18975 18137 15778 14176 13600 14176 15778 18137 20999 20809 18788 17464 17000 17464 18788 20809 23345 21913 20788 20400 20788 21913 23668 25926 24134 25109 26654 28678
20287 17217 18137 15778 15778 18137 18975 15749 12963 12963 15749 18975 21124 17385 13793 10500 7889 6800 7889 10500 13793 17385 20287 16357 12472 8693 5250 3400 5250 8693 12472 16357 20000 16000 12000 8000 4000 0 4000 8000 12000 16000 16357 12472 8693 5250 3400 5250 8693 12472 16357 17385 13793 10500 7889 6800 7889 10500 13793 17385 18975 15749 12963 10956 10200 10956 12963 15749 20999 18137 15778 14176 13600 14176 15778 18137 23345 20809 18788 17464 17000 17464 18788 20809 23668 21913 20788 20400 20788 21913 23668 23800 24134 25109 26654
24240 13319 20999 18137 14176 15778 22451 18975 15749 10956 12963 15749 24945 21124 17385 13793 10500 7889 6800 7889 10500 13793 24240 20287 16357 12472 8693 5250 3400 5250 8693 12472 24000 20000 16000 12000 8000 4000 0 4000 8000 12000 20287 16357 12472 8693 5250 3400 5250 8693 12472 21124 17385 13793 10500 7889 6800 7889 10500 13793 22451 18975 15749 12963 10956 10200 10956 12963 24186 20999 18137 15778 14176 13600 14176 15778 26249 23345 20809 18788 17464 17000 17464 18788 25926 23668 21913 20788 20400 20788 21913 24134 23800 24134 25109
28206 9507 24186 20999 13600 14176 26078 22451 18975 10200 10956 12963 28814 24945 21124 17385 13793 10500 7889 6800 7889 10500 28206 24240 20287 16357 12472 8693 5250 3400 5250 8693 28000 24000 20000 16000 12000 8000 4000 0 4000 8000 24240 20287 16357 12472 8693 5250 3400 5250 8693 24945 21124 17385 13793 10500 7889 6800 7889 10500 26078 22451 18975 15749 12963 10956 10200 10956 27586 24186 20999 18137 15778 14176 13600 14176 29411 26249 23345 20809 18788 17464 17000 17464 28569 25926 23668 21913 20788 20400 20788 25109 24134 23800 24134
32180 5946 27586 31170 14176 13600 29800 26078 22451 10956 10200 10956 32715 28814 24945 21124 17385 13793 10500 7889 6800 7889 32180 28206 24240 20287 16357 12472 8693 5250 3400 5250 32000 28000 24000 20000 16000 12000 8000 4000 0 4000 28206 24240 20287 16357 12472 8693 5250 3400 5250 28814 24945 21124 17385 13793 10500 7889 6800 7889 29800 26078 22451 18975 15749 12963 10956 10200 31128 27586 24186 20999 18137 15778 14176 13600 32757 29411 26249 23345 20809 18788 17464 17000 31499 28569 25926 23668 21913 20788 20400 26654 25109 24134 23800
36160 3512 31128 57367 15778 14176 33586 29800 26078 12963 10956 10200 36637 32715 28814 24945 21124 17385 13793 10500 7889 6800 36160 32180 28206 24240 20287 16357 12472 8693 5250 3400 36000 32000 28000 24000 20000 16000 12000 8000 4000 0 32180 28206 24240 20287 16357 12472 8693 5250 3400 32715 28814 24945 21124 17385 13793 10500 7889 6800 33586 29800 26078 22451 18975 15749 12963 10956 34770 31128 27586 24186 20999 18137 15778 14176 36235 32757 29411 26249 23345 20809 18788 17464 34643 31499 28569 25926 23668 21913 20788 28678 26654 25109 24134
4000 32878 17464 18788 63394 32757 13600 14176 15778 27586 31128 34770 10956 10200 10956 12963 15749 18975 22451 26078 29800 33586 7889 6800 7889 10500 13793 17385 21124 24945 28814 32715 5250 3400 5250 8693 12472 16357 20287 24240 28206 32180 0 4000 8000 12000 16000 20000 24000 28000 32000 3400 5250 8693 12472 16357 20287 24240 28206 32180 6800 7889 10500 13793 17385 21124 24945 28814 10200 10956 12963 15749 18975 22451 26078 29800 13600 14176 15778 18137 20999 24186 27586 31128 17464 18788 20809 23345 26249 29411 32757 25926 28569 31499 34643
8000 28878 17000 17464 43471 29411 14176 13600 14176 24186 27586 31128 12963 10956 10200 10956 12963 15749 18975 22451 26078 29800 10500 7889 6800 7889 10500 13793 17385 21124 24945 28814 8693 5250 3400 5250 8693 12472 16357 20287 24240 28206 4000 0 4000 8000 12000 16000 20000 24000 28000 5250 3400 5250 8693 12472 16357 20287 24240 28206 7889 6800 7889 10500 13793 17385 21124 24945 10956 10200 10956 12963 15749 18975 22451 26078 14176 13600 14176 15778 18137 20999 24186 27586 17000 17464 18788 20809 23345 26249 29411 23668 25926 28569 31499
12000 24878 17464 17000 27899 26249 15778 14176 13600 20999 24186 27586 15749 12963 10956 10200 10956 12963 15749 18975 22451 26078 13793 10500 7889 6800 7889 10500 13793 17385 21124 24945 12472 8693 5250 3400 5250 8693 12472 16357 20287 24240 8000 4000 0 4000 8000 12000 16000 20000 24000 8693 5250 3400 5250 8693 12472 16357 20287 24240 10500 7889 6800 7889 10500 13793 17385 21124 12963 10956 10200 10956 12963 15749 18975 22451 15778 14176 13600 14176 15778 18137 20999 24186 17464 17000 17464 18788 20809 23345 26249 21913 23668 25926 28569
16000 20878 18788 17464 20809 23345 18137 15778 14176 18137 20999 24186 18975 15749 12963 10956 10200 10956 12963 15749 18975 22451 17385 13793 10500 7889 6800 7889 10500 13793 17385 21124 16357 12472 8693 5250 3400 5250 8693 12472 16357 20287 12000 8000 4000 0 4000 8000 12000 16000 20000 12472 8693 5250 3400 5250 8693 12472 16357 20287 13793 10500 7889 6800 7889 10500 13793 17385 15749 12963 10956 10200 10956 12963 15749 18975 18137 15778 14176 13600 14176 15778 18137 20999 18788 17464 17000 17464 18788 20809 23345 20788 21913 23668 25926
20000 16878 20809 18788 18788 20809 20999 18137 15778 15778 18137 20999 22451 18975 15749 12963 10956 10200 10956 12963 15749 18975 21124 17385 13793 10500 7889 6800 7889 10500 13793 17385 20287 16357 12472 8693 5250 3400 5250 8693 12472 16357 16000 12000 8000 4000 0 4000 8000 12000 16000 16357 12472 8693 5250 3400 5250 8693 12472 16357 17385 13793 10500 7889 6800 7889 10500 13793 18975 15749 12963 10956 10200 10956 12963 15749 20999 18137 15778 14176 13600 14176 15778 18137 20809 18788 17464 17000 17464 18788 20809 20400 20788 21913 23668
24000 12878 23345 20809 17464 18788 24186 20999 18137 14176 15778 18137 26078 22451 18975 15749 12963 10956 10200 10956 12963 15749 24945 21124 17385 13793 10500 7889 6800 7889 10500 13793 24240 20287 16357 12472 8693 5250 3400 5250 8693 12472 20000 16000 12000 8000 4000 0 4000 8000 12000 20287 16357 12472 8693 5250 3400 5250 8693 12472 21124 17385 13793 10500 7889 6800 7889 10500 22451 18975 15749 12963 10956 10200 10956 12963 24186 20999 18137 15778 14176 13600 14176 15778 23345 20809 18788 17464 17000 17464 18788 20788 20400 20788 21913
28000 8878 26249 23345 17000 17464 27586 24186 20999 13600 14176 15778 29800 26078 22451 18975 15749 12963 10956 10200 10956 12963 28814 24945 21124 17385 13793 10500 7889 6800 7889 10500 28206 24240 20287 16357 12472 8693 5250 3400 5250 8693 24000 20000 16000 12000 8000 4000 0 4000 8000 24240 20287 16357 12472 8693 5250 3400 5250 8693 24945 21124 17385 13793 10500 7889 6800 7889 26078 22451 18975 15749 12963 10956 10200 10956 27586 24186 20999 18137 15778 14176 13600 14176 26249 23345 20809 18788 17464 17000 17464 21913 20788 20400 20788
32000 4878 29411 26249 17464 17000 31128 27586 24186 14176 13600 14176 33586 29800 26078 22451 18975 15749 12963 10956 10200 10956 32715 28814 24945 21124 17385 13793 10500 7889 6800 7889 32180 28206 24240 20287 16357 12472 8693 5250 3400 5250 28000 24000 20000 16000 12000 8000 4000 0 4000 28206 24240 20287 16357 12472 8693 5250 3400 5250 28814 24945 21124 17385 13793 10500 7889 6800 29800 26078 22451 18975 15749 12963 10956 10200 31128 27586 24186 20999 18137 15778 14176 13600 29411 26249 23345 20809 18788 17464 17000 23668 21913 20788 20400
36000 878 32757 30203 18788 17464 34770 31128 27586 15778 14176 13600 37417 33586 29800 26078 22451 18975 15749 12963 10956 10200 36637 32715 28814 24945 21124 17385 13793 10500 7889 6800 36160 32180 28206 24240 20287 16357 12472 8693 5250 3400 32000 28000 24000 20000 16000 12000 8000 4000 0 32180 28206 24240 20287 16357 12472 8693 5250 3400 32715 28814 24945 21124 17385 13793 10500 7889 33586 29800 26078 22451 18975 15749 12963 10956 34770 31128 27586 24186 20999 18137 15778 14176 32757 29411 26249 23345 20809 18788 17464 25926 23668 21913 20788
5250 33054 20788 21913 48721 34643 17000 17464 18788 29411 32757 36235 14176 13600 14176 15778 18137 20999 24186 27586 31128 34770 10956 10200 10956 12963 15749 18975 22451 26078 29800 33586 7889 6800 7889 10500 13793 17385 21124 24945 28814 32715 3400 5250 8693 12472 16357 20287 24240 28206 32180 0 4000 8000 12000 16000 20000 24000 28000 32000 3400 5250 8693 12472 16357 20287 24240 28206 6800 7889 10500 13793 17385 21124 24945 28814 10200 10956 12963 15749 18975 22451 26078 29800 14176 15778 18137 20999 24186 27586 31128 23345 26249 29411 32757
8693 29078 20400 20788 35140 31499 17464 17000 17464 26249 29411 32757 15778 14176 13600 14176 15778 18137 20999 24186 27586 31128 12963 10956 10200 10956 12963 15749 18975 22451 26078 29800 10500 7889 6800 7889 10500 13793 17385 21124 24945 28814 5250 3400 5250 8693 12472 16357 20287 24240 28206 4000 0 4000 8000 12000 16000 20000 24000 28000 5250 3400 5250 8693 12472 16357 20287 24240 7889 6800 7889 10500 13793 17385 21124 24945 10956 10200 10956 12963 15749 18975 22451 26078 13600 14176 15778 18137 20999 24186 27586 20809 23345 26249 29411
12472 25109 20788 20400 25926 28569 18788 17464 17000 23345 26249 29411 18137 15778 14176 13600 14176 15778 18137 20999 24186 27586 15749 12963 10956 10200 10956 12963 15749 18975 22451 26078 13793 10500 7889 6800 7889 10500 13793 17385 21124 24945 8693 5250 3400 5250 8693 12472 16357 20287 24240 8000 4000 0 4000 8000 12000 16000 20000 24000 8693 5250 3400 5250 8693 12472 16357 20287 10500 7889 6800 7889 10500 13793 17385 21124 12963 10956 10200 10956 12963 15749 18975 22451 14176 13600 14176 15778 18137 20999 24186 18788 20809 23345 26249
16357 21153 21913 20788 23668 25926 20809 18788 17464 20809 23345 26249 20999 18137 15778 14176 13600 14176 15778 18137 20999 24186 18975 15749 12963 10956 10200 10956 12963 15749 18975 22451 17385 13793 10500 7889 6800 7889 10500 13793 17385 21124 12472 8693 5250 3400 5250 8693 12472 16357 20287 12000 8000 4000 0 4000 8000 12000 16000 20000 12472 8693 5250 3400 5250 8693 12472 16357 13793 10500 7889 6800 7889 10500 13793 17385 15749 12963 10956 10200 10956 12963 15749 18975 15778 14176 13600 14176 15778 18137 20999 17464 18788 20809 23345
20287 17217 23668 21913 21913 23668 23345 20809 18788 18788 20809 23345 24186 20999 18137 15778 14176 13600 14176 15778 18137 20999 22451 18975 15749 12963 10956 10200 10956 12963 15749 18975 21124 17385 13793 10500 7889 6800 7889 10500 13793 17385 16357 12472 8693 5250 3400 5250 8693 12472 16357 16000 12000 8000 4000 0 4000 8000 12000 16000 16357 12472 8693 5250 3400 5250 8693 12472 17385 13793 10500 7889 6800 7889 10500 13793 18975 15749 12963 10956 10200 10956 12963 15749 18137 15778 14176 13600 14176 15778 18137 17000 17464 18788 20809
24240 13319 25926 23668 20788 21913 26249 23345 20809 17464 18788 20809 27586 24186 20999 18137 15778 14176 13600 14176 15778 18137 26078 22451 18975 15749 12963 10956 10200 10956 12963 15749 24945 21124 17385 13793 10500 7889 6800 7889 10500 13793 20287 16357 12472 8693 5250 3400 5250 8693 12472 20000 16000 12000 8000 4000 0 4000 8000 12000 20287 16357 12472 8693 5250 3400 5250 8693 21124 17385 13793 10500 7889 6800 7889 10500 22451 18975 15749 12963 10956 10200 10956 12963 20999 18137 15778 14176 13600 14176 15778 17464 17000 17464 18788
28206 9507 28569 25926 20400 20788 29411 26249 23345 17000 17464 18788 31128 27586 24186 20999 18137 15778 14176 13600 14176 15778 29800 26078 22451 18975 15749 12963 10956 10200 10956 12963 28814 24945 21124 17385 13793 10500 7889 6800 7889 10500 24240 20287 16357 12472 8693 5250 3400 5250 8693 24000 20000 16000 12000 8000 4000 0 4000 8000 24240 20287 16357 12472 8693 5250 3400 5250 24945 21124 17385 13793 10500 7889 6800 7889 26078 22451 18975 15749 12963 10956 10200 10956 24186 20999 18137 15778 14176 13600 14176 18788 17464 17000 17464
32180 5946 31499 28569 20788 20400 32757 29411 26249 17464 17000 17464 34770 31128 27586 24186 20999 18137 15778 14176 13600 14176 33586 29800 26078 22451 18975 15749 12963 10956 10200 10956 32715 28814 24945 21124 17385 13793 10500 7889 6800 7889 28206 24240 20287 16357 12472 8693 5250 3400 5250 28000 24000 20000 16000 12000 8000 4000 0 4000 28206 24240 20287 16357 12472 8693 5250 3400 28814 24945 21124 17385 13793 10500 7889 6800 29800 26078 22451 18975 15749 12963 10956 10200 27586 24186 20999 18137 15778 14176 13600 20809 18788 17464 17000
36160 3512 34643 31499 21913 20788 36235 32757 29411 18788 17464 17000 38483 34770 31128 27586 24186 20999 18137 15778 14176 13600 37417 33586 29800 26078 22451 18975 15749 12963 10956 10200 36637 32715 28814 24945 21124 17385 13793 10500 7889 6800 32180 28206 24240 20287 16357 12472 8693 5250 3400 32000 28000 24000 20000 16000 12000 8000 4000 0 32180 28206 24240 20287 16357 12472 8693 5250 32715 28814 24945 21124 17385 13793 10500 7889 33586 29800 26078 22451 18975 15749 12963 10956 31128 27586 24186 20999 18137 15778 14176 23345 20809 18788 17464
7889 33574 24134 25109 41819 36748 20400 20788 21913 31499 34643 37949 17464 17000 17464 18788 20809 23345 26249 29411 32757 36235 14176 13600 14176 15778 18137 20999 24186 27586 31128 34770 10956 10200 10956 12963 15749 18975 22451 26078 29800 33586 6800 7889 10500 13793 17385 21124 24945 28814 32715 3400 5250 8693 12472 16357 20287 24240 28206 32180 0 4000 8000 12000 16000 20000 24000 28000 3400 5250 8693 12472 16357 20287 24240 28206 6800 7889 10500 13793 17385 21124 24945 28814 10956 12963 15749 18975 22451 26078 29800 20999 24186 27586 31128
10500 29668 23800 24134 31088 33800 20788 20400 20788 28569 31499 34643 18788 17464 17000 17464 18788 20809 23345 26249 29411 32757 15778 14176 13600 14176 15778 18137 20999 24186 27586 31128 12963 10956 10200 10956 12963 15749 18975 22451 26078 29800 7889 6800 7889 10500 13793 17385 21124 24945 28814 5250 3400 5250 8693 12472 16357 20287 24240 28206 4000 0 4000 8000 12000 16000 20000 24000 5250 3400 5250 8693 12472 16357 20287 24240 7889 6800 7889 10500 13793 17385 21124 24945 10200 10956 12963 15749 18975 22451 26078 18137 20999 24186 27586
13793 25791 24134 23800 28678 31088 21913 20788 20400 25926 28569 31499 20809 18788 17464 17000 17464 18788 20809 23345 26249 29411 18137 15778 14176 13600 14176 15778 18137 20999 24186 27586 15749 12963 10956 10200 10956 12963 15749 18975 22451 26078 10500 7889 6800 7889 10500 13793 17385 21124 24945 8693 5250 3400 5250 8693 12472 16357 20287 24240 8000 4000 0 4000 8000 12000 16000 20000 8693 5250 3400 5250 8693 12472 16357 20287 10500 7889 6800 7889 10500 13793 17385 21124 10956 10200 10956 12963 15749 18975 22451 15778 18137 20999 24186
17385 21958 25109 24134 26654 28678 23668 21913 20788 23668 25926 28569 23345 20809 18788 17464 17000 17464 18788 20809 23345 26249 20999 18137 15778 14176 13600 14176 15778 18137 20999 24186 18975 15749 12963 10956 10200 10956 12963 15749 18975 22451 13793 10500 7889 6800 7889 10500 13793 17385 21124 12472 8693 5250 3400 5250 8693 12472 16357 20287 12000 8000 4000 0 4000 8000 12000 16000 12472 8693 5250 3400 5250 8693 12472 16357 13793 10500 7889 6800 7889 10500 13793 17385 12963 10956 10200 10956 12963 15749 18975 14176 15778 18137 20999
21124 18197 26654 25109 25109 26654 25926 23668 21913 21913 23668 25926 26249 23345 20809 18788 17464 17000 17464 18788 20809 23345 24186 20999 18137 15778 14176 13600 14176 15778 18137 20999 22451 18975 15749 12963 10956 10200 10956 12963 15749 18975 17385 13793 10500 7889 6800 7889 10500 13793 17385 16357 12472 8693 5250 3400 5250 8693 12472 16357 16000 12000 8000 4000 0 4000 8000 12000 16357 12472 8693 5250 3400 5250 8693 12472 17385 13793 10500 7889 6800 7889 10500 13793 15749 12963 10956 10200 10956 12963 15749 13600 14176 15778 18137
24945 14563 28678 26654 24134 25109 28569 25926 23668 20788 21913 23668 29411 26249 23345 20809 18788 17464 17000 17464 18788 20809 27586 24186 20999 18137 15778 14176 13600 14176 15778 18137 26078 22451 18975 15749 12963 10956 10200 10956 12963 15749 21124 17385 13793 10500 7889 6800 7889 10500 13793 20287 16357 12472 8693 5250 3400 5250 8693 12472 20000 16000 12000 8000 4000 0 4000 8000 20287 16357 12472 8693 5250 3400 5250 8693 21124 17385 13793 10500 7889 6800 7889 10500 18975 15749 12963 10956 10200 10956 12963 14176 13600 14176 15778
28814 11183 31088 28678 23800 24134 31499 28569 25926 20400 20788 21913 32757 29411 26249 23345 20809 18788 17464 17000 17464 18788 31128 27586 24186 20999 18137 15778 14176 13600 14176 15778 29800 26078 22451 18975 15749 12963 10956 10200 10956 12963 24945 21124 17385 13793 10500 7889 6800 7889 10500 24240 20287 16357 12472 8693 5250 3400 5250 8693 24000 20000 16000 12000 8000 4000 0 4000 24240 20287 16357 12472 8693 5250 3400 5250 24945 21124 17385 13793 10500 7889 6800 7889 22451 18975 15749 12963 10956 10200 10956 15778 14176 13600 14176
32715 8369 33800 31088 24134 23800 34643 31499 28569 20788 20400 20788 36235 32757 29411 26249 23345 20809 18788 17464 17000 17464 34770 31128 27586 24186 20999 18137 15778 14176 13600 14176 33586 29800 26078 22451 18975 15749 12963 10956 10200 10956 28814 24945 21124 17385 13793 10500 7889 6800 7889 28206 24240 20287 16357 12472 8693 5250 3400 5250 28000 24000 20000 16000 12000 8000 4000 0 28206 24240 20287 16357 12472 8693 5250 3400 28814 24945 21124 17385 13793 10500 7889 6800 26078 22451 18975 15749 12963 10956 10200 18137 15778 14176 13600
10956 34424 27493 28352 37772 39036 23800 24134 25109 33800 36748 39880 20788 20400 20788 21913 23668 25926 28569 31499 34643 37949 17464 17000 17464 18788 20809 23345 26249 29411 32757 36235 14176 13600 14176 15778 18137 20999 24186 27586 31128 34770 10200 10956 12963 15749 18975 22451 26078 29800 33586 6800 7889 10500 13793 17385 21124 24945 28814 32715 3400 5250 8693 12472 16357 20287 24240 28206 0 4000 8000 12000 16000 20000 24000 28000 3400 5250 8693 12472 16357 20287 24240 28206 7889 10500 13793 17385 21124 24945 28814 18975 22451 26078 29800
12963 30627 27200 27493 33762 36275 24134 23800 24134 31088 33800 36748 21913 20788 20400 20788 21913 23668 25926 28569 31499 34643 18788 17464 17000 17464 18788 20809 23345 26249 29411 32757 15778 14176 13600 14176 15778 18137 20999 24186 27586 31128 10956 10200 10956 12963 15749 18975 22451 26078 29800 7889 6800 7889 10500 13793 17385 21124 24945 28814 5250 3400 5250 8693 12472 16357 20287 24240 4000 0 4000 8000 12000 16000 20000 24000 5250 3400 5250 8693 12472 16357 20287 24240 6800 7889 10500 13793 17385 21124 24945 15749 18975 22451 26078
15749 26888 27493 27200 31557 33762 25109 24134 23800 28678 31088 33800 23668 21913 20788 20400 20788 21913 23668 25926 28569 31499 20809 18788 17464 17000 17464 18788 20809 23345 26249 29411 18137 15778 14176 13600 14176 15778 18137 20999 24186 27586 12963 10956 10200 10956 12963 15749 18975 22451 26078 10500 7889 6800 7889 10500 13793 17385 21124 24945 8693 5250 3400 5250 8693 12472 16357 20287 8000 4000 0 4000 8000 12000 16000 20000 8693 5250 3400 5250 8693 12472 16357 20287 7889 6800 7889 10500 13793 17385 21124 12963 15749 18975 22451
18975 23237 28352 27493 29729 31557 26654 25109 24134 26654 28678 31088 25926 23668 21913 20788 20400 20788 21913 23668 25926 28569 23345 20809 18788 17464 17000 17464 18788 20809 23345 26249 20999 18137 15778 14176 13600 14176 15778 18137 20999 24186 15749 12963 10956 10200 10956 12963 15749 18975 22451 13793 10500 7889 6800 7889 10500 13793 17385 21124 12472 8693 5250 3400 5250 8693 12472 16357 12000 8000 4000 0 4000 8000 12000 16000 12472 8693 5250 3400 5250 8693 12472 16357 10500 7889 6800 7889 10500 13793 17385 10956 12963 15749 18975
22451 19721 29729 28352 28352 29729 28678 26654 25109 25109 26654 28678 28569 25926 23668 21913 20788 20400 20788 21913 23668 25926 26249 23345 20809 18788 17464 17000 17464 18788 20809 23345 24186 20999 18137 15778 14176 13600 14176 15778 18137 20999 18975 15749 12963 10956 10200 10956 12963 15749 18975 17385 13793 10500 7889 6800 7889 10500 13793 17385 16357 12472 8693 5250 3400 5250 8693 12472 16000 12000 8000 4000 0 4000 8000 12000 16357 12472 8693 5250 3400 5250 8693 12472 13793 10500 7889 6800 7889 10500 13793 10200 10956 12963 15749
26078 16428 31557 29729 27493 28352 31088 28678 26654 24134 25109 26654 31499 28569 25926 23668 21913 20788 20400 20788 21913 23668 29411 26249 23345 20809 18788 17464 17000 17464 18788 20809 27586 24186 20999 18137 15778 14176 13600 14176 15778 18137 22451 18975 15749 12963 10956 10200 10956 12963 15749 21124 17385 13793 10500 7889 6800 7889 10500 13793 20287 16357 12472 8693 5250 3400 5250 8693 20000 16000 12000 8000 4000 0 4000 8000 20287 16357 12472 8693 5250 3400 5250 8693 17385 13793 10500 7889 6800 7889 10500 10956 10200 10956 12963
29800 13523 33762 31557 27200 27493 33800 31088 28678 23800 24134 25109 34643 31499 28569 25926 23668 21913 20788 20400 20788 21913 32757 29411 26249 23345 20809 18788 17464 17000 17464 18788 31128 27586 24186 20999 18137 15778 14176 13600 14176 15778 26078 22451 18975 15749 12963 10956 10200 10956 12963 24945 21124 17385 13793 10500 7889 6800 7889 10500 24240 20287 16357 12472 8693 5250 3400 5250 24000 20000 16000 12000 8000 4000 0 4000 24240 20287 16357 12472 8693 5250 3400 5250 21124 17385 13793 10500 7889 6800 7889 12963 10956 10200 10956
33586 11306 36275 33762 27493 27200 36748 33800 31088 24134 23800 24134 37949 34643 31499 28569 25926 23668 21913 20788 20400 20788 36235 32757 29411 26249 23345 20809 18788 17464 17000 17464 34770 31128 27586 24186 20999 18137 15778 14176 13600 14176 29800 26078 22451 18975 15749 12963 10956 10200 10956 28814 24945 21124 17385 13793 10500 7889 6800 7889 28206 24240 20287 16357 12472 8693 5250 3400 28000 24000 20000 16000 12000 8000 4000 0 28206 24240 20287 16357 12472 8693 5250 3400 24945 21124 17385 13793 10500 7889 6800 15749 12963 10956 10200
14176 35580 30860 31628 38889 41477 27200 27493 28352 36275 39036 41998 24134 23800 24134 25109 26654 28678 31088 33800 36748 39880 20788 20400 20788 21913 23668 25926 28569 31499 34643 37949 17464 17000 17464 18788 20809 23345 26249 29411 32757 36235 13600 14176 15778 18137 20999 24186 27586 31128 34770 10200 10956 12963 15749 18975 22451 26078 29800 33586 6800 7889 10500 13793 17385 21124 24945 28814 3400 5250 8693 12472 16357 20287 24240 28206 0 4000 8000 12000 16000 20000 24000 28000 5250 8693 12472 16357 20287 24240 28206 17385 21124 24945 28814
15778 31920 30600 30860 36556 38889 27493 27200 27493 33762 36275 39036 25109 24134 23800 24134 25109 26654 28678 31088 33800 36748 21913 20788 20400 20788 21913 23668 25926 28569 31499 34643 18788 17464 17000 17464 18788 20809 23345 26249 29411 32757 14176 13600 14176 15778 18137 20999 24186 27586 31128 10956 10200 10956 12963 15749 18975 22451 26078 29800 7889 6800 7889 10500 13793 17385 21124 24945 5250 3400 5250 8693 12472 16357 20287 24240 4000 0 4000 8000 12000 16000 20000 24000 3400 5250 8693 12472 16357 20287 24240 13793 17385 21124 24945
18137 28353 30860 30600 34531 36556 28352 27493 27200 31557 33762 36275 26654 25109 24134 23800 24134 25109 26654 28678 31088 33800 23668 21913 20788 20400 20788 21913 23668 25926 28569 31499 20809 18788 17464 17000 17464 18788 20809 23345 26249 29411 15778 14176 13600 14176 15778 18137 20999 24186 27586 12963 10956 10200 10956 12963 15749 18975 22451 26078 10500 7889 6800 7889 10500 13793 17385 21124 8693 5250 3400 5250 8693 12472 16357 20287 8000 4000 0 4000 8000 12000 16000 20000 5250 3400 5250 8693 12472 16357 20287 10500 13793 17385 21124
20999 24917 31628 30860 32869 34531 29729 28352 27493 29729 31557 33762 28678 26654 25109 24134 23800 24134 25109 26654 28678 31088 25926 23668 21913 20788 20400 20788 21913 23668 25926 28569 23345 20809 18788 17464 17000 17464 18788 20809 23345 26249 18137 15778 14176 13600 14176 15778 18137 20999 24186 15749 12963 10956 10200 10956 12963 15749 18975 22451 13793 10500 7889 6800 7889 10500 13793 17385 12472 8693 5250 3400 5250 8693 12472 16357 12000 8000 4000 0 4000 8000 12000 16000 8693 5250 3400 5250 8693 12472 16357 7889 10500 13793 17385
24186 21676 32869 31628 31628 32869 31557 29729 28352 28352 29729 31557 31088 28678 26654 25109 24134 23800 24134 25109 26654 28678 28569 25926 23668 21913 20788 20400 20788 21913 23668 25926 26249 23345 20809 18788 17464 17000 17464 18788 20809 23345 20999 18137 15778 14176 13600 14176 15778 18137 20999 18975 15749 12963 10956 10200 10956 12963 15749 18975 17385 13793 10500 7889 6800 7889 10500 13793 16357 12472 8693 5250 3400 5250 8693 12472 16000 12000 8000 4000 0 4000 8000 12000 12472 8693 5250 3400 5250 8693 12472 6800 7889 10500 13793
27586 18730 34531 32869 30860 31628 33762 31557 29729 27493 28352 29729 33800 31088 28678 26654 25109 24134 23800 24134 25109 26654 31499 28569 25926 23668 21913 20788 20400 20788 21913 23668 29411 26249 23345 20809 18788 17464 17000 17464 18788 20809 24186 20999 18137 15778 14176 13600 14176 15778 18137 22451 18975 15749 12963 10956 10200 10956 12963 15749 21124 17385 13793 10500 7889 6800 7889 10500 20287 16357 12472 8693 5250 3400 5250 8693 20000 16000 12000 8000 4000 0 4000 8000 16357 12472 8693 5250 3400 5250 8693 7889 6800 7889 10500
31128 16241 36556 34531 30600 30860 36275 33762 31557 27200 27493 28352 36748 33800 31088 28678 26654 25109 24134 23800 24134 25109 34643 31499 28569 25926 23668 21913 20788 20400 20788 21913 32757 29411 26249 23345 20809 18788 17464 17000 17464 18788 27586 24186 20999 18137 15778 14176 13600 14176 15778 26078 22451 18975 15749 12963 10956 10200 10956 12963 24945 21124 17385 13793 10500 7889 6800 7889 24240 20287 16357 12472 8693 5250 3400 5250 24000 20000 16000 12000 8000 4000 0 4000 20287 16357 12472 8693 5250 3400 5250 10500 7889 6800 7889
34770 14448 38889 36556 30860 30600 39036 36275 33762 27493 27200 27493 39880 36748 33800 31088 28678 26654 25109 24134 23800 24134 37949 34643 31499 28569 25926 23668 21913 20788 20400 20788 36235 32757 29411 26249 23345 20809 18788 17464 17000 17464 31128 27586 24186 20999 18137 15778 14176 13600 14176 29800 26078 22451 18975 15749 12963 10956 10200 10956 28814 24945 21124 17385 13793 10500 7889 6800 28206 24240 20287 16357 12472 8693 5250 3400 28000 24000 20000 16000 12000 8000 4000 0 24240 20287 16357 12472 8693 5250 3400 13793 10500 7889 6800
18788 33510 34000 34234 39446 41617 30860 30600 30860 36556 38889 41477 28352 27493 27200 27493 28352 29729 31557 33762 36275 39036 25109 24134 23800 24134 25109 26654 28678 31088 33800 36748 21913 20788 20400 20788 21913 23668 25926 28569 31499 34643 17464 17000 17464 18788 20809 23345 26249 29411 32757 14176 13600 14176 15778 18137 20999 24186 27586 31128 10956 10200 10956 12963 15749 18975 22451 26078 7889 6800 7889 10500 13793 17385 21124 24945 5250 3400 5250 8693 12472 16357 20287 24240 0 4000 8000 12000 16000 20000 24000 12472 16357 20287 24240
20809 30132 34234 34000 37577 39446 31628 30860 30600 34531 36556 38889 29729 28352 27493 27200 27493 28352 29729 31557 33762 36275 26654 25109 24134 23800 24134 25109 26654 28678 31088 33800 23668 21913 20788 20400 20788 21913 23668 25926 28569 31499 18788 17464 17000 17464 18788 20809 23345 26249 29411 15778 14176 13600 14176 15778 18137 20999 24186 27586 12963 10956 10200 10956 12963 15749 18975 22451 10500 7889 6800 7889 10500 13793 17385 21124 8693 5250 3400 5250 8693 12472 16357 20287 4000 0 4000 8000 12000 16000 20000 8693 12472 16357 20287
23345 26924 34928 34234 36056 37577 32869 31628 30860 32869 34531 36556 31557 29729 28352 27493 27200 27493 28352 29729 31557 33762 28678 26654 25109 24134 23800 24134 25109 26654 28678 31088 25926 23668 21913 20788 20400 20788 21913 23668 25926 28569 20809 18788 17464 17000 17464 18788 20809 23345 26249 18137 15778 14176 13600 14176 15778 18137 20999 24186 15749 12963 10956 10200 10956 12963 15749 18975 13793 10500 7889 6800 7889 10500 13793 17385 12472 8693 5250 3400 5250 8693 12472 16357 8000 4000 0 4000 8000 12000 16000 5250 8693 12472 16357
26249 23956 36056 34928 34928 36056 34531 32869 31628 31628 32869 34531 33762 31557 29729 28352 27493 27200 27493 28352 29729 31557 31088 28678 26654 25109 24134 23800 24134 25109 26654 28678 28569 25926 23668 21913 20788 20400 20788 21913 23668 25926 23345 20809 18788 17464 17000 17464 18788 20809 23345 20999 18137 15778 14176 13600 14176 15778 18137 20999 18975 15749 12963 10956 10200 10956 12963 15749 17385 13793 10500 7889 6800 7889 10500 13793 16357 12472 8693 5250 3400 5250 8693 12472 12000 8000 4000 0 4000 8000 12000 3400 5250 8693 12472
29411 21327 37577 36056 34234 34928 36556 34531 32869 30860 31628 32869 36275 33762 31557 29729 28352 27493 27200 27493 28352 29729 33800 31088 28678 26654 25109 24134 23800 24134 25109 26654 31499 28569 25926 23668 21913 20788 20400 20788 21913 23668 26249 23345 20809 18788 17464 17000 17464 18788 20809 24186 20999 18137 15778 14176 13600 14176 15778 18137 22451 18975 15749 12963 10956 10200 10956 12963 21124 17385 13793 10500 7889 6800 7889 10500 20287 16357 12472 8693 5250 3400 5250 8693 16000 12000 8000 4000 0 4000 8000 5250 3400 5250 8693
32757 19179 39446 37577 34000 34234 38889 36556 34531 30600 30860 31628 39036 36275 33762 31557 29729 28352 27493 27200 27493 28352 36748 33800 31088 28678 26654 25109 24134 23800 24134 25109 34643 31499 28569 25926 23668 21913 20788 20400 20788 21913 29411 26249 23345 20809 18788 17464 17000 17464 18788 27586 24186 20999 18137 15778 14176 13600 14176 15778 26078 22451 18975 15749 12963 10956 10200 10956 24945 21124 17385 13793 10500 7889 6800 7889 24240 20287 16357 12472 8693 5250 3400 5250 20000 16000 12000 8000 4000 0 4000 8693 5250 3400 5250
36235 17686 41617 39446 34234 34000 41477 38889 36556 30860 30600 30860 41998 39036 36275 33762 31557 29729 28352 27493 27200 27493 39880 36748 33800 31088 28678 26654 25109 24134 23800 24134 37949 34643 31499 28569 25926 23668 21913 20788 20400 20788 32757 29411 26249 23345 20809 18788 17464 17000 17464 31128 27586 24186 20999 18137 15778 14176 13600 14176 29800 26078 22451 18975 15749 12963 10956 10200 28814 24945 21124 17385 13793 10500 7889 6800 28206 24240 20287 16357 12472 8693 5250 3400 24000 20000 16000 12000 8000 4000 0 12472 8693 5250 3400
28569 26477 39278 38246 38246 39278 37577 36056 34928 34928 36056 37577 36556 34531 32869 31628 30860 30600 30860 31628 32869 34531 33762 31557 29729 28352 27493 27200 27493 28352 29729 31557 31088 28678 26654 25109 24134 23800 24134 25109 26654 28678 25926 23668 21913 20788 20400 20788 21913 23668 25926 23345 20809 18788 17464 17000 17464 18788 20809 23345 20999 18137 15778 14176 13600 14176 15778 18137 18975 15749 12963 10956 10200 10956 12963 15749 17385 13793 10500 7889 6800 7889 10500 13793 12472 8693 5250 3400 5250 8693 12472 0 4000 8000 12000
31499 24125 40679 39278 37613 38246 39446 37577 36056 34234 34928 36056 38889 36556 34531 32869 31628 30860 30600 30860 31628 32869 36275 33762 31557 29729 28352 27493 27200 27493 28352 29729 33800 31088 28678 26654 25109 24134 23800 24134 25109 26654 28569 25926 23668 21913 20788 20400 20788 21913 23668 26249 23345 20809 18788 17464 17000 17464 18788 20809 24186 20999 18137 15778 14176 13600 14176 15778 22451 18975 15749 12963 10956 10200 10956 12963 21124 17385 13793 10500 7889 6800 7889 10500 16357 12472 8693 5250 3400 5250 8693 4000 0 4000 8000
34643 22248 42412 40679 37400 37613 41617 39446 37577 34000 34234 34928 41477 38889 36556 34531 32869 31628 30860 30600 30860 31628 39036 36275 33762 31557 29729 28352 27493 27200 27493 28352 36748 33800 31088 28678 26654 25109 24134 23800 24134 25109 31499 28569 25926 23668 21913 20788 20400 20788 21913 29411 26249 23345 20809 18788 17464 17000 17464 18788 27586 24186 20999 18137 15778 14176 13600 14176 26078 22451 18975 15749 12963 10956 10200 10956 24945 21124 17385 13793 10500 7889 6800 7889 20287 16357 12472 8693 5250 3400 5250 8000 4000 0 4000
37949 20975 44438 42412 37613 37400 44045 41617 39446 34234 34000 34234 44276 41477 38889 36556 34531 32869 31628 30860 30600 30860 41998 39036 36275 33762 31557 29729 28352 27493 27200 27493 39880 36748 33800 31088 28678 26654 25109 24134 23800 24134 34643 31499 28569 25926 23668 21913 20788 20400 20788 32757 29411 26249 23345 20809 18788 17464 17000 17464 31128 27586 24186 20999 18137 15778 14176 13600 29800 26078 22451 18975 15749 12963 10956 10200 28814 24945 21124 17385 13793 10500 7889 6800 24240 20287 16357 12472 8693 5250 3400 12000 8000 4000 0
