# 第22块采样点
# 总点数: 93
# 索引0: 起点, 1: 退出点, 2+: 网格点
# 格式: 索引 X Y

0 -168.000000 3.000000
1 -156.000000 -29.000000
2 -174.741570 -8.072093
3 -173.337076 -11.817409
4 -171.932583 -15.562726
5 -170.528089 -19.308043
6 -169.123595 -23.053359
7 -167.719101 -26.798676
8 -172.962545 -3.132956
9 -171.558051 -6.878273
10 -170.153557 -10.623590
11 -168.749063 -14.368906
12 -167.344570 -18.114223
13 -165.940076 -21.859540
14 -164.535582 -25.604856
15 -171.183519 1.806180
16 -169.779025 -1.939136
17 -168.374532 -5.684453
18 -166.970038 -9.429770
19 -165.565544 -13.175087
20 -164.161050 -16.920403
21 -162.756557 -20.665720
22 -161.352063 -24.411037
23 -159.947569 -28.156353
24 -166.595506 -0.745317
25 -165.191012 -4.490633
26 -163.786519 -8.235950
27 -162.382025 -11.981267
28 -160.977531 -15.726584
29 -159.573037 -19.471900
30 -158.168544 -23.217217
31 -156.764050 -26.962534
32 -163.411987 0.448503
33 -162.007493 -3.296814
34 -160.602999 -7.042130
35 -159.198506 -10.787447
36 -157.794012 -14.532764
37 -156.389518 -18.278081
38 -154.985024 -22.023397
39 -153.580531 -25.768714
40 -160.228468 1.642323
41 -158.823974 -2.102994
42 -157.419480 -5.848311
43 -156.014987 -9.593627
44 -154.610493 -13.338944
45 -153.205999 -17.084261
46 -151.801505 -20.829578
47 -150.397011 -24.574894
48 -148.992518 -28.320211
49 -155.640455 -0.909174
50 -154.235961 -4.654491
51 -152.831467 -8.399808
52 -151.426974 -12.145124
53 -150.022480 -15.890441
54 -148.617986 -19.635758
55 -147.213492 -23.381075
56 -145.808998 -27.126391
57 -152.456936 0.284645
58 -151.052442 -3.460671
59 -149.647948 -7.205988
60 -148.243454 -10.951305
61 -146.838961 -14.696621
62 -145.434467 -18.441938
63 -144.029973 -22.187255
64 -142.625479 -25.932572
65 -149.273416 1.478465
66 -147.868923 -2.266852
67 -146.464429 -6.012168
68 -145.059935 -9.757485
69 -143.655441 -13.502802
70 -142.250948 -17.248118
71 -140.846454 -20.993435
72 -139.441960 -24.738752
73 -138.037466 -28.484069
74 -144.685403 -1.073032
75 -143.280910 -4.818349
76 -141.876416 -8.563665
77 -140.471922 -12.308982
78 -139.067428 -16.054299
79 -137.662935 -19.799615
80 -136.258441 -23.544932
81 -141.501884 0.120788
82 -140.097391 -3.624529
83 -138.692897 -7.369846
84 -137.288403 -11.115162
85 -135.883909 -14.860479
86 -134.479415 -18.605796
87 -138.318365 1.314607
88 -136.913871 -2.430709
89 -135.509378 -6.176026
90 -134.104884 -9.921343
91 -132.700390 -13.666659
92 -133.730352 -1.236890
