# 第9块采样点
# 总点数: 68
# 索引0: 起点, 1: 退出点, 2+: 网格点
# 格式: 索引 X Y

0 -14.000000 187.000000
1 -37.000000 174.000000
2 -36.157717 201.814708
3 -39.639968 199.846479
4 -43.122219 197.878250
5 -46.604471 195.910021
6 -27.520219 202.791253
7 -31.002471 200.823024
8 -34.484722 198.854795
9 -37.966973 196.886566
10 -41.449225 194.918337
11 -44.931476 192.950108
12 -48.413728 190.981879
13 -22.364973 201.799568
14 -25.847225 199.831339
15 -29.329476 197.863110
16 -32.811727 195.894881
17 -36.293979 193.926652
18 -39.776230 191.958423
19 -43.258481 189.990194
20 -46.740733 188.021965
21 -17.209727 200.807884
22 -20.691979 198.839655
23 -24.174230 196.871426
24 -27.656481 194.903197
25 -31.138733 192.934968
26 -34.620984 190.966738
27 -38.103235 188.998509
28 -41.585487 187.030280
29 -45.067738 185.062051
30 -15.536733 197.847970
31 -19.018984 195.879741
32 -22.501235 193.911512
33 -25.983487 191.943283
34 -29.465738 189.975054
35 -32.947989 188.006825
36 -36.430241 186.038596
37 -39.912492 184.070367
38 -43.394744 182.102138
39 -17.345989 192.919827
40 -20.828241 190.951598
41 -24.310492 188.983369
42 -27.792743 187.015140
43 -31.274995 185.046911
44 -34.757246 183.078682
45 -38.239497 181.110453
46 -41.721749 179.142224
47 -15.672995 189.959914
48 -19.155246 187.991685
49 -22.637497 186.023456
50 -26.119749 184.055227
51 -29.602000 182.086998
52 -33.084251 180.118769
53 -36.566503 178.150539
54 -40.048754 176.182310
55 -17.482251 185.031771
56 -20.964503 183.063542
57 -24.446754 181.095313
58 -27.929005 179.127084
59 -31.411257 177.158855
60 -34.893508 175.190626
61 -15.809257 182.071857
62 -19.291508 180.103628
63 -22.773759 178.135399
64 -26.256011 176.167170
65 -29.738262 174.198941
66 -17.618513 177.143715
67 -21.100765 175.175486
