BLOCK_NO: 43
POINTS: 209
COORDINATES:
0 -232.000000 -199.000000
1 -216.000000 -153.000000
2 -186.163160 -181.062774
3 -184.849077 -177.284787
4 -192.002614 -187.501778
5 -190.688531 -183.723791
6 -189.374449 -179.945804
7 -188.060366 -176.167817
8 -186.746284 -172.389829
9 -197.842068 -193.940782
10 -196.527986 -190.162795
11 -195.213903 -186.384808
12 -193.899821 -182.606821
13 -192.585738 -178.828834
14 -191.271656 -175.050846
15 -189.957573 -171.272859
16 -188.643491 -167.494872
17 -202.367440 -196.601799
18 -201.053357 -192.823812
19 -199.739275 -189.045825
20 -198.425192 -185.267838
21 -197.111110 -181.489851
22 -195.797027 -177.711864
23 -194.482945 -173.933876
24 -193.168862 -170.155889
25 -191.854780 -166.377902
26 -190.540697 -162.599915
27 -208.206894 -203.040804
28 -206.892811 -199.262816
29 -205.578729 -195.484829
30 -204.264646 -191.706842
31 -202.950564 -187.928855
32 -201.636481 -184.150868
33 -200.322399 -180.372881
34 -199.008316 -176.594893
35 -197.694234 -172.816906
36 -196.380151 -169.038919
37 -195.066069 -165.260932
38 -193.751986 -161.482945
39 -192.437904 -157.704957
40 -212.732265 -205.701821
41 -211.418183 -201.923834
42 -210.104100 -198.145846
43 -208.790018 -194.367859
44 -207.475935 -190.589872
45 -206.161853 -186.811885
46 -204.847770 -183.033898
47 -203.533688 -179.255910
48 -202.219605 -175.477923
49 -200.905523 -171.699936
50 -199.591440 -167.921949
51 -198.277358 -164.143962
52 -196.963275 -160.365975
53 -215.943554 -204.584851
54 -214.629472 -200.806863
55 -213.315389 -197.028876
56 -212.001307 -193.250889
57 -210.687224 -189.472902
58 -209.373142 -185.694915
59 -208.059059 -181.916928
60 -206.744977 -178.138940
61 -205.430894 -174.360953
62 -204.116812 -170.582966
63 -202.802729 -166.804979
64 -201.488647 -163.026992
65 -200.174564 -159.249004
66 -219.154844 -203.467880
67 -217.840761 -199.689893
68 -216.526679 -195.911906
69 -215.212596 -192.133919
70 -213.898514 -188.355932
71 -212.584431 -184.577945
72 -211.270349 -180.799957
73 -209.956266 -177.021970
74 -208.642184 -173.243983
75 -207.328101 -169.465996
76 -206.014019 -165.688009
77 -204.699936 -161.910021
78 -203.385854 -158.132034
79 -222.366133 -202.350910
80 -221.052050 -198.572923
81 -219.737968 -194.794936
82 -218.423885 -191.016949
83 -217.109803 -187.238962
84 -215.795720 -183.460974
85 -214.481638 -179.682987
86 -213.167555 -175.905000
87 -211.853473 -172.127013
88 -210.539390 -168.349026
89 -209.225308 -164.571039
90 -207.911225 -160.793051
91 -206.597143 -157.015064
92 -225.577422 -201.233940
93 -224.263339 -197.455953
94 -222.949257 -193.677966
95 -221.635174 -189.899979
96 -220.321092 -186.121992
97 -219.007009 -182.344004
98 -217.692927 -178.566017
99 -216.378844 -174.788030
100 -215.064762 -171.010043
101 -213.750679 -167.232056
102 -212.436597 -163.454068
103 -211.122514 -159.676081
104 -209.808432 -155.898094
105 -227.474628 -196.338983
106 -226.160546 -192.560996
107 -224.846463 -188.783009
108 -223.532381 -185.005021
109 -222.218298 -181.227034
110 -220.904216 -177.449047
111 -219.590133 -173.671060
112 -218.276051 -169.893073
113 -216.961968 -166.115085
114 -215.647886 -162.337098
115 -214.333803 -158.559111
116 -213.019721 -154.781124
117 -230.685918 -195.222013
118 -229.371835 -191.444026
119 -228.057753 -187.666038
120 -226.743670 -183.888051
121 -225.429588 -180.110064
122 -224.115505 -176.332077
123 -222.801423 -172.554090
124 -221.487340 -168.776103
125 -220.173258 -164.998115
126 -218.859175 -161.220128
127 -217.545093 -157.442141
128 -216.231010 -153.664154
129 -233.897207 -194.105043
130 -232.583124 -190.327056
131 -231.269042 -186.549068
132 -229.954959 -182.771081
133 -228.640877 -178.993094
134 -227.326794 -175.215107
135 -226.012712 -171.437120
136 -224.698629 -167.659132
137 -223.384547 -163.881145
138 -222.070464 -160.103158
139 -220.756382 -156.325171
140 -237.108496 -192.988073
141 -235.794413 -189.210085
142 -234.480331 -185.432098
143 -233.166248 -181.654111
144 -231.852166 -177.876124
145 -230.538083 -174.098137
146 -229.224001 -170.320149
147 -227.909918 -166.542162
148 -226.595836 -162.764175
149 -225.281753 -158.986188
150 -223.967671 -155.208201
151 -240.319785 -191.871102
152 -239.005702 -188.093115
153 -237.691620 -184.315128
154 -236.377537 -180.537141
155 -235.063455 -176.759154
156 -233.749372 -172.981167
157 -232.435290 -169.203179
158 -231.121207 -165.425192
159 -229.807125 -161.647205
160 -228.493042 -157.869218
161 -227.178960 -154.091231
162 -243.531074 -190.754132
163 -242.216991 -186.976145
164 -240.902909 -183.198158
165 -239.588826 -179.420171
166 -238.274744 -175.642184
167 -236.960661 -171.864196
168 -235.646579 -168.086209
169 -234.332496 -164.308222
170 -233.018414 -160.530235
171 -231.704331 -156.752248
172 -246.742363 -189.637162
173 -245.428281 -185.859175
174 -244.114198 -182.081188
175 -242.800116 -178.303201
176 -241.486033 -174.525213
177 -240.171951 -170.747226
178 -238.857868 -166.969239
179 -237.543786 -163.191252
180 -236.229703 -159.413265
181 -234.915621 -155.635278
182 -249.953652 -188.520192
183 -248.639570 -184.742205
184 -247.325487 -180.964218
185 -246.011405 -177.186231
186 -244.697322 -173.408243
187 -243.383240 -169.630256
188 -242.069157 -165.852269
189 -240.755075 -162.074282
190 -239.440992 -158.296295
191 -251.850859 -183.625235
192 -250.536776 -179.847248
193 -249.222694 -176.069260
194 -247.908611 -172.291273
195 -246.594529 -168.513286
196 -245.280446 -164.735299
197 -243.966364 -160.957312
198 -255.062148 -182.508265
199 -253.748065 -178.730277
200 -252.433983 -174.952290
201 -251.119900 -171.174303
202 -249.805818 -167.396316
203 -248.491735 -163.618329
204 -247.177653 -159.840342
205 -254.331189 -170.057333
206 -253.017107 -166.279346
207 -251.703024 -162.501359
208 -254.914314 -161.384388
TOUR_ORDER:
0 117 105 93 92 79 66 53 40 41 27 28 42 55 54 67 80 68 81 94 106 118 130 129 140 151 162 172 182 183 191 198 199 192 184 174 173 163 164 153 152 141 142 131 119 107 95 82 69 56 43 29 17 18 9 10 19 31 30 44 57 70 83 96 108 120 132 143 154 165 175 185 193 200 205 201 194 186 176 166 155 144 133 121 109 97 84 71 58 45 46 59 72 85 98 110 122 134 145 156 167 177 187 195 202 206 208 207 203 204 197 196 188 178 168 157 146 135 123 111 99 86 73 60 47 33 32 20 11 4 5 12 21 22 34 48 61 74 87 100 112 124 136 147 158 169 179 189 190 180 181 171 170 159 148 137 125 113 101 88 75 62 49 35 23 14 13 6 2 3 7 8 15 24 36 50 63 76 89 102 114 126 138 149 160 161 150 139 127 115 103 90 77 64 51 37 25 16 26 38 39 52 65 78 91 104 116 128 1
