# 第20块采样点
# 总点数: 156
# 索引0: 起点, 1: 退出点, 2+: 网格点
# 格式: 索引 X Y

0 -96.000000 -9.000000
1 -114.052632 27.000000
2 -87.123692 49.148183
3 -88.916727 52.723798
4 -90.709762 56.299413
5 -86.576894 40.472872
6 -88.369930 44.048488
7 -90.162965 47.624103
8 -91.956000 51.199718
9 -93.749035 54.775333
10 -95.542070 58.350949
11 -97.335105 61.926564
12 -87.823132 35.373177
13 -89.616168 38.948792
14 -91.409203 42.524408
15 -93.202238 46.100023
16 -94.995273 49.675638
17 -96.788308 53.251254
18 -98.581343 56.826869
19 -100.374379 60.402484
20 -85.483300 23.122251
21 -87.276335 26.697866
22 -89.069370 30.273482
23 -90.862405 33.849097
24 -92.655441 37.424712
25 -94.448476 41.000328
26 -96.241511 44.575943
27 -98.034546 48.151558
28 -99.827581 51.727174
29 -101.620616 55.302789
30 -103.413652 58.878404
31 -105.206687 62.454020
32 -83.143467 10.871325
33 -84.936503 14.446941
34 -86.729538 18.022556
35 -88.522573 21.598171
36 -90.315608 25.173787
37 -92.108643 28.749402
38 -93.901678 32.325017
39 -95.694714 35.900633
40 -97.487749 39.476248
41 -99.280784 43.051863
42 -101.073819 46.627478
43 -102.866854 50.203094
44 -104.659889 53.778709
45 -106.452925 57.354324
46 -108.245960 60.929940
47 -110.038995 64.505555
48 -82.596670 2.196015
49 -84.389705 5.771630
50 -86.182740 9.347245
51 -87.975776 12.922861
52 -89.768811 16.498476
53 -91.561846 20.074091
54 -93.354881 23.649707
55 -95.147916 27.225322
56 -96.940951 30.800937
57 -98.733987 34.376553
58 -100.527022 37.952168
59 -102.320057 41.527783
60 -104.113092 45.103399
61 -105.906127 48.679014
62 -107.699162 52.254629
63 -109.492198 55.830245
64 -111.285233 59.405860
65 -113.078268 62.981475
66 -83.842908 -2.903680
67 -85.635943 0.671935
68 -87.428978 4.247550
69 -89.222013 7.823166
70 -91.015049 11.398781
71 -92.808084 14.974396
72 -94.601119 18.550011
73 -96.394154 22.125627
74 -98.187189 25.701242
75 -99.980224 29.276857
76 -101.773260 32.852473
77 -103.566295 36.428088
78 -105.359330 40.003703
79 -107.152365 43.579319
80 -108.945400 47.154934
81 -110.738435 50.730549
82 -112.531471 54.306165
83 -114.324506 57.881780
84 -116.117541 61.457395
85 -86.882181 -4.427760
86 -88.675216 -0.852145
87 -90.468251 2.723470
88 -92.261286 6.299086
89 -94.054322 9.874701
90 -95.847357 13.450316
91 -97.640392 17.025932
92 -99.433427 20.601547
93 -101.226462 24.177162
94 -103.019497 27.752778
95 -104.812533 31.328393
96 -106.605568 34.904008
97 -108.398603 38.479623
98 -110.191638 42.055239
99 -111.984673 45.630854
100 -113.777708 49.206469
101 -115.570744 52.782085
102 -117.363779 56.357700
103 -119.156814 59.933315
104 -89.921454 -5.951840
105 -91.714489 -2.376225
106 -93.507524 1.199390
107 -95.300559 4.775006
108 -97.093595 8.350621
109 -98.886630 11.926236
110 -100.679665 15.501852
111 -102.472700 19.077467
112 -104.265735 22.653082
113 -106.058770 26.228698
114 -107.851806 29.804313
115 -109.644841 33.379928
116 -111.437876 36.955544
117 -113.230911 40.531159
118 -115.023946 44.106774
119 -120.403052 54.833620
120 -92.960727 -7.475920
121 -94.753762 -3.900305
122 -96.546797 -0.324689
123 -98.339832 3.250926
124 -100.132868 6.826541
125 -101.925903 10.402156
126 -103.718938 13.977772
127 -105.511973 17.553387
128 -107.305008 21.129002
129 -109.098043 24.704618
130 -110.891079 28.280233
131 -112.684114 31.855848
132 -97.793035 -5.424385
133 -99.586070 -1.848769
134 -101.379105 1.726846
135 -103.172141 5.302461
136 -104.965176 8.878077
137 -106.758211 12.453692
138 -108.551246 16.029307
139 -110.344281 19.604923
140 -112.137316 23.180538
141 -100.832308 -6.948465
142 -102.625343 -3.372849
143 -104.418379 0.202766
144 -106.211414 3.778381
145 -108.004449 7.353997
146 -109.797484 10.929612
147 -111.590519 14.505227
148 -103.871581 -8.472544
149 -105.664616 -4.896929
150 -107.457652 -1.321314
151 -109.250687 2.254301
152 -111.043722 5.829917
153 -112.836757 9.405532
154 -110.496925 -2.845394
155 -112.289960 0.730222
