# 第51块采样点
# 总点数: 230
# 索引0: 起点, 1: 退出点, 2+: 网格点
# 格式: 索引 X Y

0 76.947368 -200.052632
1 84.333333 -217.000000
2 16.128986 -222.194996
3 17.727082 -225.861887
4 22.521371 -236.862559
5 24.119467 -240.529450
6 25.717563 -244.196341
7 16.049650 -213.502833
8 17.647746 -217.169723
9 19.245843 -220.836614
10 20.843939 -224.503505
11 22.442035 -228.170396
12 24.040132 -231.837287
13 25.638228 -235.504177
14 27.236324 -239.171068
15 28.834421 -242.837959
16 17.568411 -208.477560
17 19.166507 -212.144451
18 20.764604 -215.811342
19 22.362700 -219.478232
20 23.960796 -223.145123
21 25.558893 -226.812014
22 27.156989 -230.478905
23 28.755085 -234.145796
24 30.353181 -237.812686
25 31.951278 -241.479577
26 33.549374 -245.146468
27 19.087172 -203.452287
28 20.685268 -207.119178
29 22.283365 -210.786069
30 23.881461 -214.452960
31 25.479557 -218.119851
32 27.077653 -221.786741
33 28.675750 -225.453632
34 30.273846 -229.120523
35 31.871942 -232.787414
36 33.470039 -236.454305
37 35.068135 -240.121195
38 36.666231 -243.788086
39 22.204029 -202.093905
40 23.802125 -205.760796
41 25.400222 -209.427687
42 26.998318 -213.094578
43 28.596414 -216.761469
44 30.194511 -220.428359
45 31.792607 -224.095250
46 33.390703 -227.762141
47 34.988800 -231.429032
48 36.586896 -235.095923
49 38.184992 -238.762814
50 39.783088 -242.429704
51 25.320886 -200.735524
52 26.918983 -204.402414
53 28.517079 -208.069305
54 30.115175 -211.736196
55 31.713271 -215.403087
56 33.311368 -219.069978
57 34.909464 -222.736868
58 36.507560 -226.403759
59 38.105657 -230.070650
60 39.703753 -233.737541
61 41.301849 -237.404432
62 42.899946 -241.071322
63 44.498042 -244.738213
64 30.035840 -203.044033
65 31.633936 -206.710923
66 33.232032 -210.377814
67 34.830129 -214.044705
68 36.428225 -217.711596
69 38.026321 -221.378487
70 39.624418 -225.045377
71 41.222514 -228.712268
72 42.820610 -232.379159
73 44.418707 -236.046050
74 46.016803 -239.712941
75 47.614899 -243.379831
76 33.152697 -201.685651
77 34.750793 -205.352541
78 36.348890 -209.019432
79 37.946986 -212.686323
80 39.545082 -216.353214
81 41.143178 -220.020105
82 42.741275 -223.686996
83 44.339371 -227.353886
84 45.937467 -231.020777
85 47.535564 -234.687668
86 49.133660 -238.354559
87 50.731756 -242.021450
88 36.269554 -200.327269
89 37.867650 -203.994160
90 39.465747 -207.661050
91 41.063843 -211.327941
92 42.661939 -214.994832
93 44.260036 -218.661723
94 45.858132 -222.328614
95 47.456228 -225.995504
96 49.054325 -229.662395
97 50.652421 -233.329286
98 52.250517 -236.996177
99 53.848613 -240.663068
100 55.446710 -244.329958
101 39.386411 -198.968887
102 40.984508 -202.635778
103 42.582604 -206.302669
104 44.180700 -209.969559
105 45.778797 -213.636450
106 47.376893 -217.303341
107 48.974989 -220.970232
108 50.573085 -224.637123
109 52.171182 -228.304013
110 53.769278 -231.970904
111 55.367374 -235.637795
112 56.965471 -239.304686
113 58.563567 -242.971577
114 42.503269 -197.610505
115 44.101365 -201.277396
116 45.699461 -204.944287
117 47.297557 -208.611178
118 48.895654 -212.278068
119 50.493750 -215.944959
120 52.091846 -219.611850
121 53.689943 -223.278741
122 55.288039 -226.945632
123 56.886135 -230.612522
124 58.484232 -234.279413
125 60.082328 -237.946304
126 61.680424 -241.613195
127 63.278520 -245.280086
128 47.218222 -199.919014
129 48.816318 -203.585905
130 50.414415 -207.252796
131 52.012511 -210.919686
132 53.610607 -214.586577
133 55.208704 -218.253468
134 56.806800 -221.920359
135 58.404896 -225.587250
136 60.002992 -229.254140
137 61.601089 -232.921031
138 63.199185 -236.587922
139 64.797281 -240.254813
140 66.395378 -243.921704
141 50.335079 -198.560632
142 51.933176 -202.227523
143 53.531272 -205.894414
144 55.129368 -209.561305
145 56.727464 -213.228195
146 58.325561 -216.895086
147 59.923657 -220.561977
148 61.521753 -224.228868
149 63.119850 -227.895759
150 64.717946 -231.562649
151 66.316042 -235.229540
152 67.914139 -238.896431
153 69.512235 -242.563322
154 53.451936 -197.202250
155 55.050033 -200.869141
156 56.648129 -204.536032
157 58.246225 -208.202923
158 59.844322 -211.869814
159 61.442418 -215.536704
160 63.040514 -219.203595
161 64.638611 -222.870486
162 66.236707 -226.537377
163 67.834803 -230.204268
164 69.432899 -233.871158
165 71.030996 -237.538049
166 72.629092 -241.204940
167 74.227188 -244.871831
168 56.568794 -195.843868
169 58.166890 -199.510759
170 59.764986 -203.177650
171 61.363082 -206.844541
172 62.961179 -210.511432
173 64.559275 -214.178322
174 66.157371 -217.845213
175 67.755468 -221.512104
176 69.353564 -225.178995
177 70.951660 -228.845886
178 72.549757 -232.512777
179 74.147853 -236.179667
180 75.745949 -239.846558
181 77.344046 -243.513449
182 61.283747 -198.152377
183 62.881843 -201.819268
184 64.479940 -205.486159
185 66.078036 -209.153050
186 67.676132 -212.819941
187 69.274229 -216.486831
188 70.872325 -220.153722
189 72.470421 -223.820613
190 74.068518 -227.487504
191 75.666614 -231.154395
192 77.264710 -234.821285
193 78.862806 -238.488176
194 80.460903 -242.155067
195 64.400604 -196.793996
196 65.998701 -200.460886
197 67.596797 -204.127777
198 69.194893 -207.794668
199 70.792989 -211.461559
200 72.391086 -215.128450
201 73.989182 -218.795340
202 75.587278 -222.462231
203 77.185375 -226.129122
204 78.783471 -229.796013
205 80.381567 -233.462904
206 81.979664 -237.129794
207 83.577760 -240.796685
208 85.175856 -244.463576
209 69.115558 -199.102504
210 70.713654 -202.769395
211 72.311750 -206.436286
212 73.909847 -210.103177
213 75.507943 -213.770068
214 77.106039 -217.436959
215 78.704136 -221.103849
216 80.302232 -224.770740
217 81.900328 -228.437631
218 83.498424 -232.104522
219 73.830511 -201.411013
220 75.428608 -205.077904
221 77.026704 -208.744795
222 78.624800 -212.411686
223 80.222896 -216.078577
224 81.820993 -219.745467
225 83.419089 -223.412358
226 78.545465 -203.719522
227 80.143561 -207.386413
228 81.741657 -211.053304
229 83.339754 -214.720195
