BLOCK_NO: 38
POINTS: 59
COORDINATES:
0 -323.500000 -72.500000
1 -332.000000 -91.800000
2 -356.341036 -71.148576
3 -357.953262 -74.809276
4 -353.229441 -72.518967
5 -354.841666 -76.179668
6 -356.453892 -79.840368
7 -358.066118 -83.501069
8 -350.117845 -73.889359
9 -351.730071 -77.550060
10 -353.342296 -81.210760
11 -354.954522 -84.871461
12 -356.566748 -88.532161
13 -345.394024 -71.599050
14 -347.006250 -75.259751
15 -348.618475 -78.920451
16 -350.230701 -82.581152
17 -351.842927 -86.241853
18 -353.455152 -89.902553
19 -342.282429 -72.969442
20 -343.894654 -76.630143
21 -345.506880 -80.290843
22 -347.119105 -83.951544
23 -348.731331 -87.612244
24 -350.343557 -91.272945
25 -339.170833 -74.339834
26 -340.783059 -78.000535
27 -342.395284 -81.661235
28 -344.007510 -85.321936
29 -345.619736 -88.982636
30 -334.447012 -72.049525
31 -336.059238 -75.710226
32 -337.671463 -79.370926
33 -339.283689 -83.031627
34 -340.895915 -86.692327
35 -342.508140 -90.353028
36 -331.335417 -73.419917
37 -332.947642 -77.080618
38 -334.559868 -80.741318
39 -336.172093 -84.402019
40 -337.784319 -88.062719
41 -339.396545 -91.723420
42 -328.223821 -74.790309
43 -329.836047 -78.451009
44 -331.448272 -82.111710
45 -333.060498 -85.772410
46 -334.672724 -89.433111
47 -325.112226 -76.160701
48 -326.724451 -79.821401
49 -328.336677 -83.482102
50 -329.948903 -87.142802
51 -331.561128 -90.803503
52 -322.000630 -77.531092
53 -323.612856 -81.191793
54 -325.225081 -84.852493
55 -326.837307 -88.513194
56 -320.501260 -82.562185
57 -322.113486 -86.222885
58 -323.725712 -89.883586
TOUR_ORDER:
0 47 52 56 53 48 43 42 36 30 37 31 25 19 13 14 8 4 2 3 5 9 15 21 20 26 32 38 44 49 54 57 58 55 50 45 39 33 27 34 28 22 16 10 6 7 11 12 18 24 17 23 29 35 41 40 46 51 1
