0 25790 13793 8693 12472 16357 20287 4000 8000 12000 16000 20000 24000 3400 5250 8693 12472 16357 20287 24240 28206 7889 6800 7889 10500 13793 17385 21124 24945 28814 32715 12963 10956 10200 10956 12963 15749 18975 22451 26078 29800 33586 37417 15778 14176 13600 14176 15778 18137 20999 24186 27586 31128 34770 38483 20809 18788 17464 17000 17464 18788 20809 23345 26249 29411 32757 36235 21913 20788 20400 20788 21913 23668 25926 28569 31499 34643 24134 23800 24134 25109 26654 28678 31088 33800 36748 27200 27493 28352 29729 31557 33762 36275 30860 31628 32869 34531 36556 36056
25790 0 15375 18112 14203 10363 6714 21790 17790 13790 9790 5790 1790 26013 22053 18112 14203 10363 6714 3842 4055 30556 26671 22826 19045 15375 11920 8931 7032 7150 9209 35296 31488 27734 24059 20506 17152 14138 11729 10356 10437 11942 14432 36424 32747 29156 25686 22393 19368 16757 14781 13717 13778 14951 17006 41437 37825 34299 30889 27637 24606 21890 19617 17959 17094 17143 18099 39470 36105 32883 29849 27067 24624 22627 21206 20478 20519 38130 35093 32268 29714 27506 25735 24494 23867 23902 37483 34852 32501 30496 28908 27809 27259 37565 35395 33564 32128 31143 36690
13793 15375 0 5250 3400 5250 8693 10500 7889 6800 7889 10500 13793 15749 12963 10956 10200 10956 12963 15749 18975 20999 18137 15778 14176 13600 14176 15778 18137 20999 24186 26249 23345 20809 18788 17464 17000 17464 18788 20809 23345 26249 29411 28569 25926 23668 21913 20788 20400 20788 21913 23668 25926 28569 31499 33800 31088 28678 26654 25109 24134 23800 24134 25109 26654 28678 31088 33762 31557 29729 28352 27493 27200 27493 28352 29729 31557 34531 32869 31628 30860 30600 30860 31628 32869 34531 36056 34928 34234 34000 34234 34928 36056 38246 37613 37400 37613 38246 40800
8693 18112 5250 0 4000 8000 12000 5250 3400 5250 8693 12472 16357 10500 7889 6800 7889 10500 13793 17385 21124 15749 12963 10956 10200 10956 12963 15749 18975 22451 26078 20999 18137 15778 14176 13600 14176 15778 18137 20999 24186 27586 31128 23345 20809 18788 17464 17000 17464 18788 20809 23345 26249 29411 32757 28569 25926 23668 21913 20788 20400 20788 21913 23668 25926 28569 31499 28678 26654 25109 24134 23800 24134 25109 26654 28678 31088 29729 28352 27493 27200 27493 28352 29729 31557 33762 31628 30860 30600 30860 31628 32869 34531 34234 34000 34234 34928 36056 37613
12472 14203 3400 4000 0 4000 8000 8693 5250 3400 5250 8693 12472 13793 10500 7889 6800 7889 10500 13793 17385 18975 15749 12963 10956 10200 10956 12963 15749 18975 22451 24186 20999 18137 15778 14176 13600 14176 15778 18137 20999 24186 27586 26249 23345 20809 18788 17464 17000 17464 18788 20809 23345 26249 29411 31499 28569 25926 23668 21913 20788 20400 20788 21913 23668 25926 28569 31088 28678 26654 25109 24134 23800 24134 25109 26654 28678 31557 29729 28352 27493 27200 27493 28352 29729 31557 32869 31628 30860 30600 30860 31628 32869 34928 34234 34000 34234 34928 37400
16357 10363 5250 8000 4000 0 4000 12472 8693 5250 3400 5250 8693 17385 13793 10500 7889 6800 7889 10500 13793 22451 18975 15749 12963 10956 10200 10956 12963 15749 18975 27586 24186 20999 18137 15778 14176 13600 14176 15778 18137 20999 24186 29411 26249 23345 20809 18788 17464 17000 17464 18788 20809 23345 26249 34643 31499 28569 25926 23668 21913 20788 20400 20788 21913 23668 25926 33800 31088 28678 26654 25109 24134 23800 24134 25109 26654 33762 31557 29729 28352 27493 27200 27493 28352 29729 34531 32869 31628 30860 30600 30860 31628 36056 34928 34234 34000 34234 37613
20287 6714 8693 12000 8000 4000 0 16357 12472 8693 5250 3400 5250 21124 17385 13793 10500 7889 6800 7889 10500 26078 22451 18975 15749 12963 10956 10200 10956 12963 15749 31128 27586 24186 20999 18137 15778 14176 13600 14176 15778 18137 20999 32757 29411 26249 23345 20809 18788 17464 17000 17464 18788 20809 23345 37949 34643 31499 28569 25926 23668 21913 20788 20400 20788 21913 23668 36748 33800 31088 28678 26654 25109 24134 23800 24134 25109 36275 33762 31557 29729 28352 27493 27200 27493 28352 36556 34531 32869 31628 30860 30600 30860 37577 36056 34928 34234 34000 38246
4000 21790 10500 5250 8693 12472 16357 0 4000 8000 12000 16000 20000 5250 3400 5250 8693 12472 16357 20287 24240 10500 7889 6800 7889 10500 13793 17385 21124 24945 28814 15749 12963 10956 10200 10956 12963 15749 18975 22451 26078 29800 33586 18137 15778 14176 13600 14176 15778 18137 20999 24186 27586 31128 34770 23345 20809 18788 17464 17000 17464 18788 20809 23345 26249 29411 32757 23668 21913 20788 20400 20788 21913 23668 25926 28569 31499 25109 24134 23800 24134 25109 26654 28678 31088 33800 27493 27200 27493 28352 29729 31557 33762 30600 30860 31628 32869 34531 34928
8000 17790 7889 3400 5250 8693 12472 4000 0 4000 8000 12000 16000 8693 5250 3400 5250 8693 12472 16357 20287 13793 10500 7889 6800 7889 10500 13793 17385 21124 24945 18975 15749 12963 10956 10200 10956 12963 15749 18975 22451 26078 29800 20999 18137 15778 14176 13600 14176 15778 18137 20999 24186 27586 31128 26249 23345 20809 18788 17464 17000 17464 18788 20809 23345 26249 29411 25926 23668 21913 20788 20400 20788 21913 23668 25926 28569 26654 25109 24134 23800 24134 25109 26654 28678 31088 28352 27493 27200 27493 28352 29729 31557 30860 30600 30860 31628 32869 34234
12000 13790 6800 5250 3400 5250 8693 8000 4000 0 4000 8000 12000 12472 8693 5250 3400 5250 8693 12472 16357 17385 13793 10500 7889 6800 7889 10500 13793 17385 21124 22451 18975 15749 12963 10956 10200 10956 12963 15749 18975 22451 26078 24186 20999 18137 15778 14176 13600 14176 15778 18137 20999 24186 27586 29411 26249 23345 20809 18788 17464 17000 17464 18788 20809 23345 26249 28569 25926 23668 21913 20788 20400 20788 21913 23668 25926 28678 26654 25109 24134 23800 24134 25109 26654 28678 29729 28352 27493 27200 27493 28352 29729 31628 30860 30600 30860 31628 34000
16000 9790 7889 8693 5250 3400 5250 12000 8000 4000 0 4000 8000 16357 12472 8693 5250 3400 5250 8693 12472 21124 17385 13793 10500 7889 6800 7889 10500 13793 17385 26078 22451 18975 15749 12963 10956 10200 10956 12963 15749 18975 22451 27586 24186 20999 18137 15778 14176 13600 14176 15778 18137 20999 24186 32757 29411 26249 23345 20809 18788 17464 17000 17464 18788 20809 23345 31499 28569 25926 23668 21913 20788 20400 20788 21913 23668 31088 28678 26654 25109 24134 23800 24134 25109 26654 31557 29729 28352 27493 27200 27493 28352 32869 31628 30860 30600 30860 34234
20000 5790 10500 12472 8693 5250 3400 16000 12000 8000 4000 0 4000 20287 16357 12472 8693 5250 3400 5250 8693 24945 21124 17385 13793 10500 7889 6800 7889 10500 13793 29800 26078 22451 18975 15749 12963 10956 10200 10956 12963 15749 18975 31128 27586 24186 20999 18137 15778 14176 13600 14176 15778 18137 20999 36235 32757 29411 26249 23345 20809 18788 17464 17000 17464 18788 20809 34643 31499 28569 25926 23668 21913 20788 20400 20788 21913 33800 31088 28678 26654 25109 24134 23800 24134 25109 33762 31557 29729 28352 27493 27200 27493 34531 32869 31628 30860 30600 34928
24000 1790 13793 16357 12472 8693 5250 20000 16000 12000 8000 4000 0 24240 20287 16357 12472 8693 5250 3400 5250 28814 24945 21124 17385 13793 10500 7889 6800 7889 10500 33586 29800 26078 22451 18975 15749 12963 10956 10200 10956 12963 15749 34770 31128 27586 24186 20999 18137 15778 14176 13600 14176 15778 18137 39812 36235 32757 29411 26249 23345 20809 18788 17464 17000 17464 18788 37949 34643 31499 28569 25926 23668 21913 20788 20400 20788 36748 33800 31088 28678 26654 25109 24134 23800 24134 36275 33762 31557 29729 28352 27493 27200 36556 34531 32869 31628 30860 36056
3400 26013 15749 10500 13793 17385 21124 5250 8693 12472 16357 20287 24240 0 4000 8000 12000 16000 20000 24000 28000 5250 3400 5250 8693 12472 16357 20287 24240 28206 32180 10500 7889 6800 7889 10500 13793 17385 21124 24945 28814 32715 36637 12963 10956 10200 10956 12963 15749 18975 22451 26078 29800 33586 37417 18137 15778 14176 13600 14176 15778 18137 20999 24186 27586 31128 34770 18788 17464 17000 17464 18788 20809 23345 26249 29411 32757 20788 20400 20788 21913 23668 25926 28569 31499 34643 23800 24134 25109 26654 28678 31088 33800 27493 28352 29729 31557 33762 32869
5250 22053 12963 7889 10500 13793 17385 3400 5250 8693 12472 16357 20287 4000 0 4000 8000 12000 16000 20000 24000 8693 5250 3400 5250 8693 12472 16357 20287 24240 28206 13793 10500 7889 6800 7889 10500 13793 17385 21124 24945 28814 32715 15749 12963 10956 10200 10956 12963 15749 18975 22451 26078 29800 33586 20999 18137 15778 14176 13600 14176 15778 18137 20999 24186 27586 31128 20809 18788 17464 17000 17464 18788 20809 23345 26249 29411 21913 20788 20400 20788 21913 23668 25926 28569 31499 24134 23800 24134 25109 26654 28678 31088 27200 27493 28352 29729 31557 31628
8693 18112 10956 6800 7889 10500 13793 5250 3400 5250 8693 12472 16357 8000 4000 0 4000 8000 12000 16000 20000 12472 8693 5250 3400 5250 8693 12472 16357 20287 24240 17385 13793 10500 7889 6800 7889 10500 13793 17385 21124 24945 28814 18975 15749 12963 10956 10200 10956 12963 15749 18975 22451 26078 29800 24186 20999 18137 15778 14176 13600 14176 15778 18137 20999 24186 27586 23345 20809 18788 17464 17000 17464 18788 20809 23345 26249 23668 21913 20788 20400 20788 21913 23668 25926 28569 25109 24134 23800 24134 25109 26654 28678 27493 27200 27493 28352 29729 30860
12472 14203 10200 7889 6800 7889 10500 8693 5250 3400 5250 8693 12472 12000 8000 4000 0 4000 8000 12000 16000 16357 12472 8693 5250 3400 5250 8693 12472 16357 20287 21124 17385 13793 10500 7889 6800 7889 10500 13793 17385 21124 24945 22451 18975 15749 12963 10956 10200 10956 12963 15749 18975 22451 26078 27586 24186 20999 18137 15778 14176 13600 14176 15778 18137 20999 24186 26249 23345 20809 18788 17464 17000 17464 18788 20809 23345 25926 23668 21913 20788 20400 20788 21913 23668 25926 26654 25109 24134 23800 24134 25109 26654 28352 27493 27200 27493 28352 30600
16357 10363 10956 10500 7889 6800 7889 12472 8693 5250 3400 5250 8693 16000 12000 8000 4000 0 4000 8000 12000 20287 16357 12472 8693 5250 3400 5250 8693 12472 16357 24945 21124 17385 13793 10500 7889 6800 7889 10500 13793 17385 21124 26078 22451 18975 15749 12963 10956 10200 10956 12963 15749 18975 22451 31128 27586 24186 20999 18137 15778 14176 13600 14176 15778 18137 20999 29411 26249 23345 20809 18788 17464 17000 17464 18788 20809 28569 25926 23668 21913 20788 20400 20788 21913 23668 28678 26654 25109 24134 23800 24134 25109 29729 28352 27493 27200 27493 30860
20287 6714 12963 13793 10500 7889 6800 16357 12472 8693 5250 3400 5250 20000 16000 12000 8000 4000 0 4000 8000 24240 20287 16357 12472 8693 5250 3400 5250 8693 12472 28814 24945 21124 17385 13793 10500 7889 6800 7889 10500 13793 17385 29800 26078 22451 18975 15749 12963 10956 10200 10956 12963 15749 18975 34770 31128 27586 24186 20999 18137 15778 14176 13600 14176 15778 18137 32757 29411 26249 23345 20809 18788 17464 17000 17464 18788 31499 28569 25926 23668 21913 20788 20400 20788 21913 31088 28678 26654 25109 24134 23800 24134 31557 29729 28352 27493 27200 31628
24240 3842 15749 17385 13793 10500 7889 20287 16357 12472 8693 5250 3400 24000 20000 16000 12000 8000 4000 0 4000 28206 24240 20287 16357 12472 8693 5250 3400 5250 8693 32715 28814 24945 21124 17385 13793 10500 7889 6800 7889 10500 13793 33586 29800 26078 22451 18975 15749 12963 10956 10200 10956 12963 15749 38483 34770 31128 27586 24186 20999 18137 15778 14176 13600 14176 15778 36235 32757 29411 26249 23345 20809 18788 17464 17000 17464 34643 31499 28569 25926 23668 21913 20788 20400 20788 33800 31088 28678 26654 25109 24134 23800 33762 31557 29729 28352 27493 32869
28206 4055 18975 21124 17385 13793 10500 24240 20287 16357 12472 8693 5250 28000 24000 20000 16000 12000 8000 4000 0 32180 28206 24240 20287 16357 12472 8693 5250 3400 5250 36637 32715 28814 24945 21124 17385 13793 10500 7889 6800 7889 10500 37417 33586 29800 26078 22451 18975 15749 12963 10956 10200 10956 12963 42249 38483 34770 31128 27586 24186 20999 18137 15778 14176 13600 14176 39812 36235 32757 29411 26249 23345 20809 18788 17464 17000 37949 34643 31499 28569 25926 23668 21913 20788 20400 36748 33800 31088 28678 26654 25109 24134 36275 33762 31557 29729 28352 34531
7889 30556 20999 15749 18975 22451 26078 10500 13793 17385 21124 24945 28814 5250 8693 12472 16357 20287 24240 28206 32180 0 4000 8000 12000 16000 20000 24000 28000 32000 36000 5250 3400 5250 8693 12472 16357 20287 24240 28206 32180 36160 40144 7889 6800 7889 10500 13793 17385 21124 24945 28814 32715 36637 40574 12963 10956 10200 10956 12963 15749 18975 22451 26078 29800 33586 37417 14176 13600 14176 15778 18137 20999 24186 27586 31128 34770 17000 17464 18788 20809 23345 26249 29411 32757 36235 20788 21913 23668 25926 28569 31499 34643 25109 26654 28678 31088 33800 31557
6800 26671 18137 12963 15749 18975 22451 7889 10500 13793 17385 21124 24945 3400 5250 8693 12472 16357 20287 24240 28206 4000 0 4000 8000 12000 16000 20000 24000 28000 32000 8693 5250 3400 5250 8693 12472 16357 20287 24240 28206 32180 36160 10500 7889 6800 7889 10500 13793 17385 21124 24945 28814 32715 36637 15749 12963 10956 10200 10956 12963 15749 18975 22451 26078 29800 33586 15778 14176 13600 14176 15778 18137 20999 24186 27586 31128 17464 17000 17464 18788 20809 23345 26249 29411 32757 20400 20788 21913 23668 25926 28569 31499 24134 25109 26654 28678 31088 29729
7889 22826 15778 10956 12963 15749 18975 6800 7889 10500 13793 17385 21124 5250 3400 5250 8693 12472 16357 20287 24240 8000 4000 0 4000 8000 12000 16000 20000 24000 28000 12472 8693 5250 3400 5250 8693 12472 16357 20287 24240 28206 32180 13793 10500 7889 6800 7889 10500 13793 17385 21124 24945 28814 32715 18975 15749 12963 10956 10200 10956 12963 15749 18975 22451 26078 29800 18137 15778 14176 13600 14176 15778 18137 20999 24186 27586 18788 17464 17000 17464 18788 20809 23345 26249 29411 20788 20400 20788 21913 23668 25926 28569 23800 24134 25109 26654 28678 28352
10500 19045 14176 10200 10956 12963 15749 7889 6800 7889 10500 13793 17385 8693 5250 3400 5250 8693 12472 16357 20287 12000 8000 4000 0 4000 8000 12000 16000 20000 24000 16357 12472 8693 5250 3400 5250 8693 12472 16357 20287 24240 28206 17385 13793 10500 7889 6800 7889 10500 13793 17385 21124 24945 28814 22451 18975 15749 12963 10956 10200 10956 12963 15749 18975 22451 26078 20999 18137 15778 14176 13600 14176 15778 18137 20999 24186 20809 18788 17464 17000 17464 18788 20809 23345 26249 21913 20788 20400 20788 21913 23668 25926 24134 23800 24134 25109 26654 27493
13793 15375 13600 10956 10200 10956 12963 10500 7889 6800 7889 10500 13793 12472 8693 5250 3400 5250 8693 12472 16357 16000 12000 8000 4000 0 4000 8000 12000 16000 20000 20287 16357 12472 8693 5250 3400 5250 8693 12472 16357 20287 24240 21124 17385 13793 10500 7889 6800 7889 10500 13793 17385 21124 24945 26078 22451 18975 15749 12963 10956 10200 10956 12963 15749 18975 22451 24186 20999 18137 15778 14176 13600 14176 15778 18137 20999 23345 20809 18788 17464 17000 17464 18788 20809 23345 23668 21913 20788 20400 20788 21913 23668 25109 24134 23800 24134 25109 27200
17385 11920 14176 12963 10956 10200 10956 13793 10500 7889 6800 7889 10500 16357 12472 8693 5250 3400 5250 8693 12472 20000 16000 12000 8000 4000 0 4000 8000 12000 16000 24240 20287 16357 12472 8693 5250 3400 5250 8693 12472 16357 20287 24945 21124 17385 13793 10500 7889 6800 7889 10500 13793 17385 21124 29800 26078 22451 18975 15749 12963 10956 10200 10956 12963 15749 18975 27586 24186 20999 18137 15778 14176 13600 14176 15778 18137 26249 23345 20809 18788 17464 17000 17464 18788 20809 25926 23668 21913 20788 20400 20788 21913 26654 25109 24134 23800 24134 27493
21124 8931 15778 15749 12963 10956 10200 17385 13793 10500 7889 6800 7889 20287 16357 12472 8693 5250 3400 5250 8693 24000 20000 16000 12000 8000 4000 0 4000 8000 12000 28206 24240 20287 16357 12472 8693 5250 3400 5250 8693 12472 16357 28814 24945 21124 17385 13793 10500 7889 6800 7889 10500 13793 17385 33586 29800 26078 22451 18975 15749 12963 10956 10200 10956 12963 15749 31128 27586 24186 20999 18137 15778 14176 13600 14176 15778 29411 26249 23345 20809 18788 17464 17000 17464 18788 28569 25926 23668 21913 20788 20400 20788 28678 26654 25109 24134 23800 28352
24945 7032 18137 18975 15749 12963 10956 21124 17385 13793 10500 7889 6800 24240 20287 16357 12472 8693 5250 3400 5250 28000 24000 20000 16000 12000 8000 4000 0 4000 8000 32180 28206 24240 20287 16357 12472 8693 5250 3400 5250 8693 12472 32715 28814 24945 21124 17385 13793 10500 7889 6800 7889 10500 13793 37417 33586 29800 26078 22451 18975 15749 12963 10956 10200 10956 12963 34770 31128 27586 24186 20999 18137 15778 14176 13600 14176 32757 29411 26249 23345 20809 18788 17464 17000 17464 31499 28569 25926 23668 21913 20788 20400 31088 28678 26654 25109 24134 29729
28814 7150 20999 22451 18975 15749 12963 24945 21124 17385 13793 10500 7889 28206 24240 20287 16357 12472 8693 5250 3400 32000 28000 24000 20000 16000 12000 8000 4000 0 4000 36160 32180 28206 24240 20287 16357 12472 8693 5250 3400 5250 8693 36637 32715 28814 24945 21124 17385 13793 10500 7889 6800 7889 10500 41280 37417 33586 29800 26078 22451 18975 15749 12963 10956 10200 10956 38483 34770 31128 27586 24186 20999 18137 15778 14176 13600 36235 32757 29411 26249 23345 20809 18788 17464 17000 34643 31499 28569 25926 23668 21913 20788 33800 31088 28678 26654 25109 31557
32715 9209 24186 26078 22451 18975 15749 28814 24945 21124 17385 13793 10500 32180 28206 24240 20287 16357 12472 8693 5250 36000 32000 28000 24000 20000 16000 12000 8000 4000 0 40144 36160 32180 28206 24240 20287 16357 12472 8693 5250 3400 5250 40574 36637 32715 28814 24945 21124 17385 13793 10500 7889 6800 7889 45167 41280 37417 33586 29800 26078 22451 18975 15749 12963 10956 10200 42249 38483 34770 31128 27586 24186 20999 18137 15778 14176 39812 36235 32757 29411 26249 23345 20809 18788 17464 37949 34643 31499 28569 25926 23668 21913 36748 33800 31088 28678 26654 33762
12963 35296 26249 20999 24186 27586 31128 15749 18975 22451 26078 29800 33586 10500 13793 17385 21124 24945 28814 32715 36637 5250 8693 12472 16357 20287 24240 28206 32180 36160 40144 0 4000 8000 12000 16000 20000 24000 28000 32000 36000 40000 44000 3400 5250 8693 12472 16357 20287 24240 28206 32180 36160 40144 44131 7889 6800 7889 10500 13793 17385 21124 24945 28814 32715 36637 40574 10200 10956 12963 15749 18975 22451 26078 29800 33586 37417 14176 15778 18137 20999 24186 27586 31128 34770 38483 18788 20809 23345 26249 29411 32757 36235 23668 25926 28569 31499 34643 31088
10956 31488 23345 18137 20999 24186 27586 12963 15749 18975 22451 26078 29800 7889 10500 13793 17385 21124 24945 28814 32715 3400 5250 8693 12472 16357 20287 24240 28206 32180 36160 4000 0 4000 8000 12000 16000 20000 24000 28000 32000 36000 40000 5250 3400 5250 8693 12472 16357 20287 24240 28206 32180 36160 40144 10500 7889 6800 7889 10500 13793 17385 21124 24945 28814 32715 36637 10956 10200 10956 12963 15749 18975 22451 26078 29800 33586 13600 14176 15778 18137 20999 24186 27586 31128 34770 17464 18788 20809 23345 26249 29411 32757 21913 23668 25926 28569 31499 28678
10200 27734 20809 15778 18137 20999 24186 10956 12963 15749 18975 22451 26078 6800 7889 10500 13793 17385 21124 24945 28814 5250 3400 5250 8693 12472 16357 20287 24240 28206 32180 8000 4000 0 4000 8000 12000 16000 20000 24000 28000 32000 36000 8693 5250 3400 5250 8693 12472 16357 20287 24240 28206 32180 36160 13793 10500 7889 6800 7889 10500 13793 17385 21124 24945 28814 32715 12963 10956 10200 10956 12963 15749 18975 22451 26078 29800 14176 13600 14176 15778 18137 20999 24186 27586 31128 17000 17464 18788 20809 23345 26249 29411 20788 21913 23668 25926 28569 26654
10956 24059 18788 14176 15778 18137 20999 10200 10956 12963 15749 18975 22451 7889 6800 7889 10500 13793 17385 21124 24945 8693 5250 3400 5250 8693 12472 16357 20287 24240 28206 12000 8000 4000 0 4000 8000 12000 16000 20000 24000 28000 32000 12472 8693 5250 3400 5250 8693 12472 16357 20287 24240 28206 32180 17385 13793 10500 7889 6800 7889 10500 13793 17385 21124 24945 28814 15749 12963 10956 10200 10956 12963 15749 18975 22451 26078 15778 14176 13600 14176 15778 18137 20999 24186 27586 17464 17000 17464 18788 20809 23345 26249 20400 20788 21913 23668 25926 25109
12963 20506 17464 13600 14176 15778 18137 10956 10200 10956 12963 15749 18975 10500 7889 6800 7889 10500 13793 17385 21124 12472 8693 5250 3400 5250 8693 12472 16357 20287 24240 16000 12000 8000 4000 0 4000 8000 12000 16000 20000 24000 28000 16357 12472 8693 5250 3400 5250 8693 12472 16357 20287 24240 28206 21124 17385 13793 10500 7889 6800 7889 10500 13793 17385 21124 24945 18975 15749 12963 10956 10200 10956 12963 15749 18975 22451 18137 15778 14176 13600 14176 15778 18137 20999 24186 18788 17464 17000 17464 18788 20809 23345 20788 20400 20788 21913 23668 24134
15749 17152 17000 14176 13600 14176 15778 12963 10956 10200 10956 12963 15749 13793 10500 7889 6800 7889 10500 13793 17385 16357 12472 8693 5250 3400 5250 8693 12472 16357 20287 20000 16000 12000 8000 4000 0 4000 8000 12000 16000 20000 24000 20287 16357 12472 8693 5250 3400 5250 8693 12472 16357 20287 24240 24945 21124 17385 13793 10500 7889 6800 7889 10500 13793 17385 21124 22451 18975 15749 12963 10956 10200 10956 12963 15749 18975 20999 18137 15778 14176 13600 14176 15778 18137 20999 20809 18788 17464 17000 17464 18788 20809 21913 20788 20400 20788 21913 23800
18975 14138 17464 15778 14176 13600 14176 15749 12963 10956 10200 10956 12963 17385 13793 10500 7889 6800 7889 10500 13793 20287 16357 12472 8693 5250 3400 5250 8693 12472 16357 24000 20000 16000 12000 8000 4000 0 4000 8000 12000 16000 20000 24240 20287 16357 12472 8693 5250 3400 5250 8693 12472 16357 20287 28814 24945 21124 17385 13793 10500 7889 6800 7889 10500 13793 17385 26078 22451 18975 15749 12963 10956 10200 10956 12963 15749 24186 20999 18137 15778 14176 13600 14176 15778 18137 23345 20809 18788 17464 17000 17464 18788 23668 21913 20788 20400 20788 24134
22451 11729 18788 18137 15778 14176 13600 18975 15749 12963 10956 10200 10956 21124 17385 13793 10500 7889 6800 7889 10500 24240 20287 16357 12472 8693 5250 3400 5250 8693 12472 28000 24000 20000 16000 12000 8000 4000 0 4000 8000 12000 16000 28206 24240 20287 16357 12472 8693 5250 3400 5250 8693 12472 16357 32715 28814 24945 21124 17385 13793 10500 7889 6800 7889 10500 13793 29800 26078 22451 18975 15749 12963 10956 10200 10956 12963 27586 24186 20999 18137 15778 14176 13600 14176 15778 26249 23345 20809 18788 17464 17000 17464 25926 23668 21913 20788 20400 25109
26078 10356 20809 20999 18137 15778 14176 22451 18975 15749 12963 10956 10200 24945 21124 17385 13793 10500 7889 6800 7889 28206 24240 20287 16357 12472 8693 5250 3400 5250 8693 32000 28000 24000 20000 16000 12000 8000 4000 0 4000 8000 12000 32180 28206 24240 20287 16357 12472 8693 5250 3400 5250 8693 12472 36637 32715 28814 24945 21124 17385 13793 10500 7889 6800 7889 10500 33586 29800 26078 22451 18975 15749 12963 10956 10200 10956 31128 27586 24186 20999 18137 15778 14176 13600 14176 29411 26249 23345 20809 18788 17464 17000 28569 25926 23668 21913 20788 26654
29800 10437 23345 24186 20999 18137 15778 26078 22451 18975 15749 12963 10956 28814 24945 21124 17385 13793 10500 7889 6800 32180 28206 24240 20287 16357 12472 8693 5250 3400 5250 36000 32000 28000 24000 20000 16000 12000 8000 4000 0 4000 8000 36160 32180 28206 24240 20287 16357 12472 8693 5250 3400 5250 8693 40574 36637 32715 28814 24945 21124 17385 13793 10500 7889 6800 7889 37417 33586 29800 26078 22451 18975 15749 12963 10956 10200 34770 31128 27586 24186 20999 18137 15778 14176 13600 32757 29411 26249 23345 20809 18788 17464 31499 28569 25926 23668 21913 28678
33586 11942 26249 27586 24186 20999 18137 29800 26078 22451 18975 15749 12963 32715 28814 24945 21124 17385 13793 10500 7889 36160 32180 28206 24240 20287 16357 12472 8693 5250 3400 40000 36000 32000 28000 24000 20000 16000 12000 8000 4000 0 4000 40144 36160 32180 28206 24240 20287 16357 12472 8693 5250 3400 5250 44522 40574 36637 32715 28814 24945 21124 17385 13793 10500 7889 6800 41280 37417 33586 29800 26078 22451 18975 15749 12963 10956 38483 34770 31128 27586 24186 20999 18137 15778 14176 36235 32757 29411 26249 23345 20809 18788 34643 31499 28569 25926 23668 31088
37417 14432 29411 31128 27586 24186 20999 33586 29800 26078 22451 18975 15749 36637 32715 28814 24945 21124 17385 13793 10500 40144 36160 32180 28206 24240 20287 16357 12472 8693 5250 44000 40000 36000 32000 28000 24000 20000 16000 12000 8000 4000 0 44131 40144 36160 32180 28206 24240 20287 16357 12472 8693 5250 3400 48479 44522 40574 36637 32715 28814 24945 21124 17385 13793 10500 7889 45167 41280 37417 33586 29800 26078 22451 18975 15749 12963 42249 38483 34770 31128 27586 24186 20999 18137 15778 39812 36235 32757 29411 26249 23345 20809 37949 34643 31499 28569 25926 33800
15778 36424 28569 23345 26249 29411 32757 18137 20999 24186 27586 31128 34770 12963 15749 18975 22451 26078 29800 33586 37417 7889 10500 13793 17385 21124 24945 28814 32715 36637 40574 3400 5250 8693 12472 16357 20287 24240 28206 32180 36160 40144 44131 0 4000 8000 12000 16000 20000 24000 28000 32000 36000 40000 44000 5250 3400 5250 8693 12472 16357 20287 24240 28206 32180 36160 40144 6800 7889 10500 13793 17385 21124 24945 28814 32715 36637 10956 12963 15749 18975 22451 26078 29800 33586 37417 15778 18137 20999 24186 27586 31128 34770 20809 23345 26249 29411 32757 28569
14176 32747 25926 20809 23345 26249 29411 15778 18137 20999 24186 27586 31128 10956 12963 15749 18975 22451 26078 29800 33586 6800 7889 10500 13793 17385 21124 24945 28814 32715 36637 5250 3400 5250 8693 12472 16357 20287 24240 28206 32180 36160 40144 4000 0 4000 8000 12000 16000 20000 24000 28000 32000 36000 40000 8693 5250 3400 5250 8693 12472 16357 20287 24240 28206 32180 36160 7889 6800 7889 10500 13793 17385 21124 24945 28814 32715 10200 10956 12963 15749 18975 22451 26078 29800 33586 14176 15778 18137 20999 24186 27586 31128 18788 20809 23345 26249 29411 25926
13600 29156 23668 18788 20809 23345 26249 14176 15778 18137 20999 24186 27586 10200 10956 12963 15749 18975 22451 26078 29800 7889 6800 7889 10500 13793 17385 21124 24945 28814 32715 8693 5250 3400 5250 8693 12472 16357 20287 24240 28206 32180 36160 8000 4000 0 4000 8000 12000 16000 20000 24000 28000 32000 36000 12472 8693 5250 3400 5250 8693 12472 16357 20287 24240 28206 32180 10500 7889 6800 7889 10500 13793 17385 21124 24945 28814 10956 10200 10956 12963 15749 18975 22451 26078 29800 13600 14176 15778 18137 20999 24186 27586 17464 18788 20809 23345 26249 23668
14176 25686 21913 17464 18788 20809 23345 13600 14176 15778 18137 20999 24186 10956 10200 10956 12963 15749 18975 22451 26078 10500 7889 6800 7889 10500 13793 17385 21124 24945 28814 12472 8693 5250 3400 5250 8693 12472 16357 20287 24240 28206 32180 12000 8000 4000 0 4000 8000 12000 16000 20000 24000 28000 32000 16357 12472 8693 5250 3400 5250 8693 12472 16357 20287 24240 28206 13793 10500 7889 6800 7889 10500 13793 17385 21124 24945 12963 10956 10200 10956 12963 15749 18975 22451 26078 14176 13600 14176 15778 18137 20999 24186 17000 17464 18788 20809 23345 21913
15778 22393 20788 17000 17464 18788 20809 14176 13600 14176 15778 18137 20999 12963 10956 10200 10956 12963 15749 18975 22451 13793 10500 7889 6800 7889 10500 13793 17385 21124 24945 16357 12472 8693 5250 3400 5250 8693 12472 16357 20287 24240 28206 16000 12000 8000 4000 0 4000 8000 12000 16000 20000 24000 28000 20287 16357 12472 8693 5250 3400 5250 8693 12472 16357 20287 24240 17385 13793 10500 7889 6800 7889 10500 13793 17385 21124 15749 12963 10956 10200 10956 12963 15749 18975 22451 15778 14176 13600 14176 15778 18137 20999 17464 17000 17464 18788 20809 20788
18137 19368 20400 17464 17000 17464 18788 15778 14176 13600 14176 15778 18137 15749 12963 10956 10200 10956 12963 15749 18975 17385 13793 10500 7889 6800 7889 10500 13793 17385 21124 20287 16357 12472 8693 5250 3400 5250 8693 12472 16357 20287 24240 20000 16000 12000 8000 4000 0 4000 8000 12000 16000 20000 24000 24240 20287 16357 12472 8693 5250 3400 5250 8693 12472 16357 20287 21124 17385 13793 10500 7889 6800 7889 10500 13793 17385 18975 15749 12963 10956 10200 10956 12963 15749 18975 18137 15778 14176 13600 14176 15778 18137 18788 17464 17000 17464 18788 20400
20999 16757 20788 18788 17464 17000 17464 18137 15778 14176 13600 14176 15778 18975 15749 12963 10956 10200 10956 12963 15749 21124 17385 13793 10500 7889 6800 7889 10500 13793 17385 24240 20287 16357 12472 8693 5250 3400 5250 8693 12472 16357 20287 24000 20000 16000 12000 8000 4000 0 4000 8000 12000 16000 20000 28206 24240 20287 16357 12472 8693 5250 3400 5250 8693 12472 16357 24945 21124 17385 13793 10500 7889 6800 7889 10500 13793 22451 18975 15749 12963 10956 10200 10956 12963 15749 20999 18137 15778 14176 13600 14176 15778 20809 18788 17464 17000 17464 20788
24186 14781 21913 20809 18788 17464 17000 20999 18137 15778 14176 13600 14176 22451 18975 15749 12963 10956 10200 10956 12963 24945 21124 17385 13793 10500 7889 6800 7889 10500 13793 28206 24240 20287 16357 12472 8693 5250 3400 5250 8693 12472 16357 28000 24000 20000 16000 12000 8000 4000 0 4000 8000 12000 16000 32180 28206 24240 20287 16357 12472 8693 5250 3400 5250 8693 12472 28814 24945 21124 17385 13793 10500 7889 6800 7889 10500 26078 22451 18975 15749 12963 10956 10200 10956 12963 24186 20999 18137 15778 14176 13600 14176 23345 20809 18788 17464 17000 21913
27586 13717 23668 23345 20809 18788 17464 24186 20999 18137 15778 14176 13600 26078 22451 18975 15749 12963 10956 10200 10956 28814 24945 21124 17385 13793 10500 7889 6800 7889 10500 32180 28206 24240 20287 16357 12472 8693 5250 3400 5250 8693 12472 32000 28000 24000 20000 16000 12000 8000 4000 0 4000 8000 12000 36160 32180 28206 24240 20287 16357 12472 8693 5250 3400 5250 8693 32715 28814 24945 21124 17385 13793 10500 7889 6800 7889 29800 26078 22451 18975 15749 12963 10956 10200 10956 27586 24186 20999 18137 15778 14176 13600 26249 23345 20809 18788 17464 23668
31128 13778 25926 26249 23345 20809 18788 27586 24186 20999 18137 15778 14176 29800 26078 22451 18975 15749 12963 10956 10200 32715 28814 24945 21124 17385 13793 10500 7889 6800 7889 36160 32180 28206 24240 20287 16357 12472 8693 5250 3400 5250 8693 36000 32000 28000 24000 20000 16000 12000 8000 4000 0 4000 8000 40144 36160 32180 28206 24240 20287 16357 12472 8693 5250 3400 5250 36637 32715 28814 24945 21124 17385 13793 10500 7889 6800 33586 29800 26078 22451 18975 15749 12963 10956 10200 31128 27586 24186 20999 18137 15778 14176 29411 26249 23345 20809 18788 25926
34770 14951 28569 29411 26249 23345 20809 31128 27586 24186 20999 18137 15778 33586 29800 26078 22451 18975 15749 12963 10956 36637 32715 28814 24945 21124 17385 13793 10500 7889 6800 40144 36160 32180 28206 24240 20287 16357 12472 8693 5250 3400 5250 40000 36000 32000 28000 24000 20000 16000 12000 8000 4000 0 4000 44131 40144 36160 32180 28206 24240 20287 16357 12472 8693 5250 3400 40574 36637 32715 28814 24945 21124 17385 13793 10500 7889 37417 33586 29800 26078 22451 18975 15749 12963 10956 34770 31128 27586 24186 20999 18137 15778 32757 29411 26249 23345 20809 28569
38483 17006 31499 32757 29411 26249 23345 34770 31128 27586 24186 20999 18137 37417 33586 29800 26078 22451 18975 15749 12963 40574 36637 32715 28814 24945 21124 17385 13793 10500 7889 44131 40144 36160 32180 28206 24240 20287 16357 12472 8693 5250 3400 44000 40000 36000 32000 28000 24000 20000 16000 12000 8000 4000 0 48120 44131 40144 36160 32180 28206 24240 20287 16357 12472 8693 5250 44522 40574 36637 32715 28814 24945 21124 17385 13793 10500 41280 37417 33586 29800 26078 22451 18975 15749 12963 38483 34770 31128 27586 24186 20999 18137 36235 32757 29411 26249 23345 31499
20809 41437 33800 28569 31499 34643 37949 23345 26249 29411 32757 36235 39812 18137 20999 24186 27586 31128 34770 38483 42249 12963 15749 18975 22451 26078 29800 33586 37417 41280 45167 7889 10500 13793 17385 21124 24945 28814 32715 36637 40574 44522 48479 5250 8693 12472 16357 20287 24240 28206 32180 36160 40144 44131 48120 0 4000 8000 12000 16000 20000 24000 28000 32000 36000 40000 44000 5250 8693 12472 16357 20287 24240 28206 32180 36160 40144 10500 13793 17385 21124 24945 28814 32715 36637 40574 15749 18975 22451 26078 29800 33586 37417 20999 24186 27586 31128 34770 29411
18788 37825 31088 25926 28569 31499 34643 20809 23345 26249 29411 32757 36235 15778 18137 20999 24186 27586 31128 34770 38483 10956 12963 15749 18975 22451 26078 29800 33586 37417 41280 6800 7889 10500 13793 17385 21124 24945 28814 32715 36637 40574 44522 3400 5250 8693 12472 16357 20287 24240 28206 32180 36160 40144 44131 4000 0 4000 8000 12000 16000 20000 24000 28000 32000 36000 40000 3400 5250 8693 12472 16357 20287 24240 28206 32180 36160 7889 10500 13793 17385 21124 24945 28814 32715 36637 12963 15749 18975 22451 26078 29800 33586 18137 20999 24186 27586 31128 26249
17464 34299 28678 23668 25926 28569 31499 18788 20809 23345 26249 29411 32757 14176 15778 18137 20999 24186 27586 31128 34770 10200 10956 12963 15749 18975 22451 26078 29800 33586 37417 7889 6800 7889 10500 13793 17385 21124 24945 28814 32715 36637 40574 5250 3400 5250 8693 12472 16357 20287 24240 28206 32180 36160 40144 8000 4000 0 4000 8000 12000 16000 20000 24000 28000 32000 36000 5250 3400 5250 8693 12472 16357 20287 24240 28206 32180 6800 7889 10500 13793 17385 21124 24945 28814 32715 10956 12963 15749 18975 22451 26078 29800 15778 18137 20999 24186 27586 23345
17000 30889 26654 21913 23668 25926 28569 17464 18788 20809 23345 26249 29411 13600 14176 15778 18137 20999 24186 27586 31128 10956 10200 10956 12963 15749 18975 22451 26078 29800 33586 10500 7889 6800 7889 10500 13793 17385 21124 24945 28814 32715 36637 8693 5250 3400 5250 8693 12472 16357 20287 24240 28206 32180 36160 12000 8000 4000 0 4000 8000 12000 16000 20000 24000 28000 32000 8693 5250 3400 5250 8693 12472 16357 20287 24240 28206 7889 6800 7889 10500 13793 17385 21124 24945 28814 10200 10956 12963 15749 18975 22451 26078 14176 15778 18137 20999 24186 20809
17464 27637 25109 20788 21913 23668 25926 17000 17464 18788 20809 23345 26249 14176 13600 14176 15778 18137 20999 24186 27586 12963 10956 10200 10956 12963 15749 18975 22451 26078 29800 13793 10500 7889 6800 7889 10500 13793 17385 21124 24945 28814 32715 12472 8693 5250 3400 5250 8693 12472 16357 20287 24240 28206 32180 16000 12000 8000 4000 0 4000 8000 12000 16000 20000 24000 28000 12472 8693 5250 3400 5250 8693 12472 16357 20287 24240 10500 7889 6800 7889 10500 13793 17385 21124 24945 10956 10200 10956 12963 15749 18975 22451 13600 14176 15778 18137 20999 18788
18788 24606 24134 20400 20788 21913 23668 17464 17000 17464 18788 20809 23345 15778 14176 13600 14176 15778 18137 20999 24186 15749 12963 10956 10200 10956 12963 15749 18975 22451 26078 17385 13793 10500 7889 6800 7889 10500 13793 17385 21124 24945 28814 16357 12472 8693 5250 3400 5250 8693 12472 16357 20287 24240 28206 20000 16000 12000 8000 4000 0 4000 8000 12000 16000 20000 24000 16357 12472 8693 5250 3400 5250 8693 12472 16357 20287 13793 10500 7889 6800 7889 10500 13793 17385 21124 12963 10956 10200 10956 12963 15749 18975 14176 13600 14176 15778 18137 17464
20809 21890 23800 20788 20400 20788 21913 18788 17464 17000 17464 18788 20809 18137 15778 14176 13600 14176 15778 18137 20999 18975 15749 12963 10956 10200 10956 12963 15749 18975 22451 21124 17385 13793 10500 7889 6800 7889 10500 13793 17385 21124 24945 20287 16357 12472 8693 5250 3400 5250 8693 12472 16357 20287 24240 24000 20000 16000 12000 8000 4000 0 4000 8000 12000 16000 20000 20287 16357 12472 8693 5250 3400 5250 8693 12472 16357 17385 13793 10500 7889 6800 7889 10500 13793 17385 15749 12963 10956 10200 10956 12963 15749 15778 14176 13600 14176 15778 17000
23345 19617 24134 21913 20788 20400 20788 20809 18788 17464 17000 17464 18788 20999 18137 15778 14176 13600 14176 15778 18137 22451 18975 15749 12963 10956 10200 10956 12963 15749 18975 24945 21124 17385 13793 10500 7889 6800 7889 10500 13793 17385 21124 24240 20287 16357 12472 8693 5250 3400 5250 8693 12472 16357 20287 28000 24000 20000 16000 12000 8000 4000 0 4000 8000 12000 16000 24240 20287 16357 12472 8693 5250 3400 5250 8693 12472 21124 17385 13793 10500 7889 6800 7889 10500 13793 18975 15749 12963 10956 10200 10956 12963 18137 15778 14176 13600 14176 17464
26249 17959 25109 23668 21913 20788 20400 23345 20809 18788 17464 17000 17464 24186 20999 18137 15778 14176 13600 14176 15778 26078 22451 18975 15749 12963 10956 10200 10956 12963 15749 28814 24945 21124 17385 13793 10500 7889 6800 7889 10500 13793 17385 28206 24240 20287 16357 12472 8693 5250 3400 5250 8693 12472 16357 32000 28000 24000 20000 16000 12000 8000 4000 0 4000 8000 12000 28206 24240 20287 16357 12472 8693 5250 3400 5250 8693 24945 21124 17385 13793 10500 7889 6800 7889 10500 22451 18975 15749 12963 10956 10200 10956 20999 18137 15778 14176 13600 18788
29411 17094 26654 25926 23668 21913 20788 26249 23345 20809 18788 17464 17000 27586 24186 20999 18137 15778 14176 13600 14176 29800 26078 22451 18975 15749 12963 10956 10200 10956 12963 32715 28814 24945 21124 17385 13793 10500 7889 6800 7889 10500 13793 32180 28206 24240 20287 16357 12472 8693 5250 3400 5250 8693 12472 36000 32000 28000 24000 20000 16000 12000 8000 4000 0 4000 8000 32180 28206 24240 20287 16357 12472 8693 5250 3400 5250 28814 24945 21124 17385 13793 10500 7889 6800 7889 26078 22451 18975 15749 12963 10956 10200 24186 20999 18137 15778 14176 20809
32757 17143 28678 28569 25926 23668 21913 29411 26249 23345 20809 18788 17464 31128 27586 24186 20999 18137 15778 14176 13600 33586 29800 26078 22451 18975 15749 12963 10956 10200 10956 36637 32715 28814 24945 21124 17385 13793 10500 7889 6800 7889 10500 36160 32180 28206 24240 20287 16357 12472 8693 5250 3400 5250 8693 40000 36000 32000 28000 24000 20000 16000 12000 8000 4000 0 4000 36160 32180 28206 24240 20287 16357 12472 8693 5250 3400 32715 28814 24945 21124 17385 13793 10500 7889 6800 29800 26078 22451 18975 15749 12963 10956 27586 24186 20999 18137 15778 23345
36235 18099 31088 31499 28569 25926 23668 32757 29411 26249 23345 20809 18788 34770 31128 27586 24186 20999 18137 15778 14176 37417 33586 29800 26078 22451 18975 15749 12963 10956 10200 40574 36637 32715 28814 24945 21124 17385 13793 10500 7889 6800 7889 40144 36160 32180 28206 24240 20287 16357 12472 8693 5250 3400 5250 44000 40000 36000 32000 28000 24000 20000 16000 12000 8000 4000 0 40144 36160 32180 28206 24240 20287 16357 12472 8693 5250 36637 32715 28814 24945 21124 17385 13793 10500 7889 33586 29800 26078 22451 18975 15749 12963 31128 27586 24186 20999 18137 26249
21913 39470 33762 28678 31088 33800 36748 23668 25926 28569 31499 34643 37949 18788 20809 23345 26249 29411 32757 36235 39812 14176 15778 18137 20999 24186 27586 31128 34770 38483 42249 10200 10956 12963 15749 18975 22451 26078 29800 33586 37417 41280 45167 6800 7889 10500 13793 17385 21124 24945 28814 32715 36637 40574 44522 5250 3400 5250 8693 12472 16357 20287 24240 28206 32180 36160 40144 0 4000 8000 12000 16000 20000 24000 28000 32000 36000 5250 8693 12472 16357 20287 24240 28206 32180 36160 10500 13793 17385 21124 24945 28814 32715 15749 18975 22451 26078 29800 24186
20788 36105 31557 26654 28678 31088 33800 21913 23668 25926 28569 31499 34643 17464 18788 20809 23345 26249 29411 32757 36235 13600 14176 15778 18137 20999 24186 27586 31128 34770 38483 10956 10200 10956 12963 15749 18975 22451 26078 29800 33586 37417 41280 7889 6800 7889 10500 13793 17385 21124 24945 28814 32715 36637 40574 8693 5250 3400 5250 8693 12472 16357 20287 24240 28206 32180 36160 4000 0 4000 8000 12000 16000 20000 24000 28000 32000 3400 5250 8693 12472 16357 20287 24240 28206 32180 7889 10500 13793 17385 21124 24945 28814 12963 15749 18975 22451 26078 20999
20400 32883 29729 25109 26654 28678 31088 20788 21913 23668 25926 28569 31499 17000 17464 18788 20809 23345 26249 29411 32757 14176 13600 14176 15778 18137 20999 24186 27586 31128 34770 12963 10956 10200 10956 12963 15749 18975 22451 26078 29800 33586 37417 10500 7889 6800 7889 10500 13793 17385 21124 24945 28814 32715 36637 12472 8693 5250 3400 5250 8693 12472 16357 20287 24240 28206 32180 8000 4000 0 4000 8000 12000 16000 20000 24000 28000 5250 3400 5250 8693 12472 16357 20287 24240 28206 6800 7889 10500 13793 17385 21124 24945 10956 12963 15749 18975 22451 18137
20788 29849 28352 24134 25109 26654 28678 20400 20788 21913 23668 25926 28569 17464 17000 17464 18788 20809 23345 26249 29411 15778 14176 13600 14176 15778 18137 20999 24186 27586 31128 15749 12963 10956 10200 10956 12963 15749 18975 22451 26078 29800 33586 13793 10500 7889 6800 7889 10500 13793 17385 21124 24945 28814 32715 16357 12472 8693 5250 3400 5250 8693 12472 16357 20287 24240 28206 12000 8000 4000 0 4000 8000 12000 16000 20000 24000 8693 5250 3400 5250 8693 12472 16357 20287 24240 7889 6800 7889 10500 13793 17385 21124 10200 10956 12963 15749 18975 15778
21913 27067 27493 23800 24134 25109 26654 20788 20400 20788 21913 23668 25926 18788 17464 17000 17464 18788 20809 23345 26249 18137 15778 14176 13600 14176 15778 18137 20999 24186 27586 18975 15749 12963 10956 10200 10956 12963 15749 18975 22451 26078 29800 17385 13793 10500 7889 6800 7889 10500 13793 17385 21124 24945 28814 20287 16357 12472 8693 5250 3400 5250 8693 12472 16357 20287 24240 16000 12000 8000 4000 0 4000 8000 12000 16000 20000 12472 8693 5250 3400 5250 8693 12472 16357 20287 10500 7889 6800 7889 10500 13793 17385 10956 10200 10956 12963 15749 14176
23668 24624 27200 24134 23800 24134 25109 21913 20788 20400 20788 21913 23668 20809 18788 17464 17000 17464 18788 20809 23345 20999 18137 15778 14176 13600 14176 15778 18137 20999 24186 22451 18975 15749 12963 10956 10200 10956 12963 15749 18975 22451 26078 21124 17385 13793 10500 7889 6800 7889 10500 13793 17385 21124 24945 24240 20287 16357 12472 8693 5250 3400 5250 8693 12472 16357 20287 20000 16000 12000 8000 4000 0 4000 8000 12000 16000 16357 12472 8693 5250 3400 5250 8693 12472 16357 13793 10500 7889 6800 7889 10500 13793 12963 10956 10200 10956 12963 13600
25926 22627 27493 25109 24134 23800 24134 23668 21913 20788 20400 20788 21913 23345 20809 18788 17464 17000 17464 18788 20809 24186 20999 18137 15778 14176 13600 14176 15778 18137 20999 26078 22451 18975 15749 12963 10956 10200 10956 12963 15749 18975 22451 24945 21124 17385 13793 10500 7889 6800 7889 10500 13793 17385 21124 28206 24240 20287 16357 12472 8693 5250 3400 5250 8693 12472 16357 24000 20000 16000 12000 8000 4000 0 4000 8000 12000 20287 16357 12472 8693 5250 3400 5250 8693 12472 17385 13793 10500 7889 6800 7889 10500 15749 12963 10956 10200 10956 14176
28569 21206 28352 26654 25109 24134 23800 25926 23668 21913 20788 20400 20788 26249 23345 20809 18788 17464 17000 17464 18788 27586 24186 20999 18137 15778 14176 13600 14176 15778 18137 29800 26078 22451 18975 15749 12963 10956 10200 10956 12963 15749 18975 28814 24945 21124 17385 13793 10500 7889 6800 7889 10500 13793 17385 32180 28206 24240 20287 16357 12472 8693 5250 3400 5250 8693 12472 28000 24000 20000 16000 12000 8000 4000 0 4000 8000 24240 20287 16357 12472 8693 5250 3400 5250 8693 21124 17385 13793 10500 7889 6800 7889 18975 15749 12963 10956 10200 15778
31499 20478 29729 28678 26654 25109 24134 28569 25926 23668 21913 20788 20400 29411 26249 23345 20809 18788 17464 17000 17464 31128 27586 24186 20999 18137 15778 14176 13600 14176 15778 33586 29800 26078 22451 18975 15749 12963 10956 10200 10956 12963 15749 32715 28814 24945 21124 17385 13793 10500 7889 6800 7889 10500 13793 36160 32180 28206 24240 20287 16357 12472 8693 5250 3400 5250 8693 32000 28000 24000 20000 16000 12000 8000 4000 0 4000 28206 24240 20287 16357 12472 8693 5250 3400 5250 24945 21124 17385 13793 10500 7889 6800 22451 18975 15749 12963 10956 18137
34643 20519 31557 31088 28678 26654 25109 31499 28569 25926 23668 21913 20788 32757 29411 26249 23345 20809 18788 17464 17000 34770 31128 27586 24186 20999 18137 15778 14176 13600 14176 37417 33586 29800 26078 22451 18975 15749 12963 10956 10200 10956 12963 36637 32715 28814 24945 21124 17385 13793 10500 7889 6800 7889 10500 40144 36160 32180 28206 24240 20287 16357 12472 8693 5250 3400 5250 36000 32000 28000 24000 20000 16000 12000 8000 4000 0 32180 28206 24240 20287 16357 12472 8693 5250 3400 28814 24945 21124 17385 13793 10500 7889 26078 22451 18975 15749 12963 20999
24134 38130 34531 29729 31557 33762 36275 25109 26654 28678 31088 33800 36748 20788 21913 23668 25926 28569 31499 34643 37949 17000 17464 18788 20809 23345 26249 29411 32757 36235 39812 14176 13600 14176 15778 18137 20999 24186 27586 31128 34770 38483 42249 10956 10200 10956 12963 15749 18975 22451 26078 29800 33586 37417 41280 10500 7889 6800 7889 10500 13793 17385 21124 24945 28814 32715 36637 5250 3400 5250 8693 12472 16357 20287 24240 28206 32180 0 4000 8000 12000 16000 20000 24000 28000 32000 5250 8693 12472 16357 20287 24240 28206 10500 13793 17385 21124 24945 18975
23800 35093 32869 28352 29729 31557 33762 24134 25109 26654 28678 31088 33800 20400 20788 21913 23668 25926 28569 31499 34643 17464 17000 17464 18788 20809 23345 26249 29411 32757 36235 15778 14176 13600 14176 15778 18137 20999 24186 27586 31128 34770 38483 12963 10956 10200 10956 12963 15749 18975 22451 26078 29800 33586 37417 13793 10500 7889 6800 7889 10500 13793 17385 21124 24945 28814 32715 8693 5250 3400 5250 8693 12472 16357 20287 24240 28206 4000 0 4000 8000 12000 16000 20000 24000 28000 3400 5250 8693 12472 16357 20287 24240 7889 10500 13793 17385 21124 15749
24134 32268 31628 27493 28352 29729 31557 23800 24134 25109 26654 28678 31088 20788 20400 20788 21913 23668 25926 28569 31499 18788 17464 17000 17464 18788 20809 23345 26249 29411 32757 18137 15778 14176 13600 14176 15778 18137 20999 24186 27586 31128 34770 15749 12963 10956 10200 10956 12963 15749 18975 22451 26078 29800 33586 17385 13793 10500 7889 6800 7889 10500 13793 17385 21124 24945 28814 12472 8693 5250 3400 5250 8693 12472 16357 20287 24240 8000 4000 0 4000 8000 12000 16000 20000 24000 5250 3400 5250 8693 12472 16357 20287 6800 7889 10500 13793 17385 12963
25109 29714 30860 27200 27493 28352 29729 24134 23800 24134 25109 26654 28678 21913 20788 20400 20788 21913 23668 25926 28569 20809 18788 17464 17000 17464 18788 20809 23345 26249 29411 20999 18137 15778 14176 13600 14176 15778 18137 20999 24186 27586 31128 18975 15749 12963 10956 10200 10956 12963 15749 18975 22451 26078 29800 21124 17385 13793 10500 7889 6800 7889 10500 13793 17385 21124 24945 16357 12472 8693 5250 3400 5250 8693 12472 16357 20287 12000 8000 4000 0 4000 8000 12000 16000 20000 8693 5250 3400 5250 8693 12472 16357 7889 6800 7889 10500 13793 10956
26654 27506 30600 27493 27200 27493 28352 25109 24134 23800 24134 25109 26654 23668 21913 20788 20400 20788 21913 23668 25926 23345 20809 18788 17464 17000 17464 18788 20809 23345 26249 24186 20999 18137 15778 14176 13600 14176 15778 18137 20999 24186 27586 22451 18975 15749 12963 10956 10200 10956 12963 15749 18975 22451 26078 24945 21124 17385 13793 10500 7889 6800 7889 10500 13793 17385 21124 20287 16357 12472 8693 5250 3400 5250 8693 12472 16357 16000 12000 8000 4000 0 4000 8000 12000 16000 12472 8693 5250 3400 5250 8693 12472 10500 7889 6800 7889 10500 10200
28678 25735 30860 28352 27493 27200 27493 26654 25109 24134 23800 24134 25109 25926 23668 21913 20788 20400 20788 21913 23668 26249 23345 20809 18788 17464 17000 17464 18788 20809 23345 27586 24186 20999 18137 15778 14176 13600 14176 15778 18137 20999 24186 26078 22451 18975 15749 12963 10956 10200 10956 12963 15749 18975 22451 28814 24945 21124 17385 13793 10500 7889 6800 7889 10500 13793 17385 24240 20287 16357 12472 8693 5250 3400 5250 8693 12472 20000 16000 12000 8000 4000 0 4000 8000 12000 16357 12472 8693 5250 3400 5250 8693 13793 10500 7889 6800 7889 10956
31088 24494 31628 29729 28352 27493 27200 28678 26654 25109 24134 23800 24134 28569 25926 23668 21913 20788 20400 20788 21913 29411 26249 23345 20809 18788 17464 17000 17464 18788 20809 31128 27586 24186 20999 18137 15778 14176 13600 14176 15778 18137 20999 29800 26078 22451 18975 15749 12963 10956 10200 10956 12963 15749 18975 32715 28814 24945 21124 17385 13793 10500 7889 6800 7889 10500 13793 28206 24240 20287 16357 12472 8693 5250 3400 5250 8693 24000 20000 16000 12000 8000 4000 0 4000 8000 20287 16357 12472 8693 5250 3400 5250 17385 13793 10500 7889 6800 12963
33800 23867 32869 31557 29729 28352 27493 31088 28678 26654 25109 24134 23800 31499 28569 25926 23668 21913 20788 20400 20788 32757 29411 26249 23345 20809 18788 17464 17000 17464 18788 34770 31128 27586 24186 20999 18137 15778 14176 13600 14176 15778 18137 33586 29800 26078 22451 18975 15749 12963 10956 10200 10956 12963 15749 36637 32715 28814 24945 21124 17385 13793 10500 7889 6800 7889 10500 32180 28206 24240 20287 16357 12472 8693 5250 3400 5250 28000 24000 20000 16000 12000 8000 4000 0 4000 24240 20287 16357 12472 8693 5250 3400 21124 17385 13793 10500 7889 15749
36748 23902 34531 33762 31557 29729 28352 33800 31088 28678 26654 25109 24134 34643 31499 28569 25926 23668 21913 20788 20400 36235 32757 29411 26249 23345 20809 18788 17464 17000 17464 38483 34770 31128 27586 24186 20999 18137 15778 14176 13600 14176 15778 37417 33586 29800 26078 22451 18975 15749 12963 10956 10200 10956 12963 40574 36637 32715 28814 24945 21124 17385 13793 10500 7889 6800 7889 36160 32180 28206 24240 20287 16357 12472 8693 5250 3400 32000 28000 24000 20000 16000 12000 8000 4000 0 28206 24240 20287 16357 12472 8693 5250 24945 21124 17385 13793 10500 18975
27200 37483 36056 31628 32869 34531 36556 27493 28352 29729 31557 33762 36275 23800 24134 25109 26654 28678 31088 33800 36748 20788 20400 20788 21913 23668 25926 28569 31499 34643 37949 18788 17464 17000 17464 18788 20809 23345 26249 29411 32757 36235 39812 15778 14176 13600 14176 15778 18137 20999 24186 27586 31128 34770 38483 15749 12963 10956 10200 10956 12963 15749 18975 22451 26078 29800 33586 10500 7889 6800 7889 10500 13793 17385 21124 24945 28814 5250 3400 5250 8693 12472 16357 20287 24240 28206 0 4000 8000 12000 16000 20000 24000 5250 8693 12472 16357 20287 13793
27493 34852 34928 30860 31628 32869 34531 27200 27493 28352 29729 31557 33762 24134 23800 24134 25109 26654 28678 31088 33800 21913 20788 20400 20788 21913 23668 25926 28569 31499 34643 20809 18788 17464 17000 17464 18788 20809 23345 26249 29411 32757 36235 18137 15778 14176 13600 14176 15778 18137 20999 24186 27586 31128 34770 18975 15749 12963 10956 10200 10956 12963 15749 18975 22451 26078 29800 13793 10500 7889 6800 7889 10500 13793 17385 21124 24945 8693 5250 3400 5250 8693 12472 16357 20287 24240 4000 0 4000 8000 12000 16000 20000 3400 5250 8693 12472 16357 10500
28352 32501 34234 30600 30860 31628 32869 27493 27200 27493 28352 29729 31557 25109 24134 23800 24134 25109 26654 28678 31088 23668 21913 20788 20400 20788 21913 23668 25926 28569 31499 23345 20809 18788 17464 17000 17464 18788 20809 23345 26249 29411 32757 20999 18137 15778 14176 13600 14176 15778 18137 20999 24186 27586 31128 22451 18975 15749 12963 10956 10200 10956 12963 15749 18975 22451 26078 17385 13793 10500 7889 6800 7889 10500 13793 17385 21124 12472 8693 5250 3400 5250 8693 12472 16357 20287 8000 4000 0 4000 8000 12000 16000 5250 3400 5250 8693 12472 7889
29729 30496 34000 30860 30600 30860 31628 28352 27493 27200 27493 28352 29729 26654 25109 24134 23800 24134 25109 26654 28678 25926 23668 21913 20788 20400 20788 21913 23668 25926 28569 26249 23345 20809 18788 17464 17000 17464 18788 20809 23345 26249 29411 24186 20999 18137 15778 14176 13600 14176 15778 18137 20999 24186 27586 26078 22451 18975 15749 12963 10956 10200 10956 12963 15749 18975 22451 21124 17385 13793 10500 7889 6800 7889 10500 13793 17385 16357 12472 8693 5250 3400 5250 8693 12472 16357 12000 8000 4000 0 4000 8000 12000 8693 5250 3400 5250 8693 6800
31557 28908 34234 31628 30860 30600 30860 29729 28352 27493 27200 27493 28352 28678 26654 25109 24134 23800 24134 25109 26654 28569 25926 23668 21913 20788 20400 20788 21913 23668 25926 29411 26249 23345 20809 18788 17464 17000 17464 18788 20809 23345 26249 27586 24186 20999 18137 15778 14176 13600 14176 15778 18137 20999 24186 29800 26078 22451 18975 15749 12963 10956 10200 10956 12963 15749 18975 24945 21124 17385 13793 10500 7889 6800 7889 10500 13793 20287 16357 12472 8693 5250 3400 5250 8693 12472 16000 12000 8000 4000 0 4000 8000 12472 8693 5250 3400 5250 7889
33762 27809 34928 32869 31628 30860 30600 31557 29729 28352 27493 27200 27493 31088 28678 26654 25109 24134 23800 24134 25109 31499 28569 25926 23668 21913 20788 20400 20788 21913 23668 32757 29411 26249 23345 20809 18788 17464 17000 17464 18788 20809 23345 31128 27586 24186 20999 18137 15778 14176 13600 14176 15778 18137 20999 33586 29800 26078 22451 18975 15749 12963 10956 10200 10956 12963 15749 28814 24945 21124 17385 13793 10500 7889 6800 7889 10500 24240 20287 16357 12472 8693 5250 3400 5250 8693 20000 16000 12000 8000 4000 0 4000 16357 12472 8693 5250 3400 10500
36275 27259 36056 34531 32869 31628 30860 33762 31557 29729 28352 27493 27200 33800 31088 28678 26654 25109 24134 23800 24134 34643 31499 28569 25926 23668 21913 20788 20400 20788 21913 36235 32757 29411 26249 23345 20809 18788 17464 17000 17464 18788 20809 34770 31128 27586 24186 20999 18137 15778 14176 13600 14176 15778 18137 37417 33586 29800 26078 22451 18975 15749 12963 10956 10200 10956 12963 32715 28814 24945 21124 17385 13793 10500 7889 6800 7889 28206 24240 20287 16357 12472 8693 5250 3400 5250 24000 20000 16000 12000 8000 4000 0 20287 16357 12472 8693 5250 13793
30860 37565 38246 34234 34928 36056 37577 30600 30860 31628 32869 34531 36556 27493 27200 27493 28352 29729 31557 33762 36275 25109 24134 23800 24134 25109 26654 28678 31088 33800 36748 23668 21913 20788 20400 20788 21913 23668 25926 28569 31499 34643 37949 20809 18788 17464 17000 17464 18788 20809 23345 26249 29411 32757 36235 20999 18137 15778 14176 13600 14176 15778 18137 20999 24186 27586 31128 15749 12963 10956 10200 10956 12963 15749 18975 22451 26078 10500 7889 6800 7889 10500 13793 17385 21124 24945 5250 3400 5250 8693 12472 16357 20287 0 4000 8000 12000 16000 8693
31628 35395 37613 34000 34234 34928 36056 30860 30600 30860 31628 32869 34531 28352 27493 27200 27493 28352 29729 31557 33762 26654 25109 24134 23800 24134 25109 26654 28678 31088 33800 25926 23668 21913 20788 20400 20788 21913 23668 25926 28569 31499 34643 23345 20809 18788 17464 17000 17464 18788 20809 23345 26249 29411 32757 24186 20999 18137 15778 14176 13600 14176 15778 18137 20999 24186 27586 18975 15749 12963 10956 10200 10956 12963 15749 18975 22451 13793 10500 7889 6800 7889 10500 13793 17385 21124 8693 5250 3400 5250 8693 12472 16357 4000 0 4000 8000 12000 5250
32869 33564 37400 34234 34000 34234 34928 31628 30860 30600 30860 31628 32869 29729 28352 27493 27200 27493 28352 29729 31557 28678 26654 25109 24134 23800 24134 25109 26654 28678 31088 28569 25926 23668 21913 20788 20400 20788 21913 23668 25926 28569 31499 26249 23345 20809 18788 17464 17000 17464 18788 20809 23345 26249 29411 27586 24186 20999 18137 15778 14176 13600 14176 15778 18137 20999 24186 22451 18975 15749 12963 10956 10200 10956 12963 15749 18975 17385 13793 10500 7889 6800 7889 10500 13793 17385 12472 8693 5250 3400 5250 8693 12472 8000 4000 0 4000 8000 3400
34531 32128 37613 34928 34234 34000 34234 32869 31628 30860 30600 30860 31628 31557 29729 28352 27493 27200 27493 28352 29729 31088 28678 26654 25109 24134 23800 24134 25109 26654 28678 31499 28569 25926 23668 21913 20788 20400 20788 21913 23668 25926 28569 29411 26249 23345 20809 18788 17464 17000 17464 18788 20809 23345 26249 31128 27586 24186 20999 18137 15778 14176 13600 14176 15778 18137 20999 26078 22451 18975 15749 12963 10956 10200 10956 12963 15749 21124 17385 13793 10500 7889 6800 7889 10500 13793 16357 12472 8693 5250 3400 5250 8693 12000 8000 4000 0 4000 5250
36556 31143 38246 36056 34928 34234 34000 34531 32869 31628 30860 30600 30860 33762 31557 29729 28352 27493 27200 27493 28352 33800 31088 28678 26654 25109 24134 23800 24134 25109 26654 34643 31499 28569 25926 23668 21913 20788 20400 20788 21913 23668 25926 32757 29411 26249 23345 20809 18788 17464 17000 17464 18788 20809 23345 34770 31128 27586 24186 20999 18137 15778 14176 13600 14176 15778 18137 29800 26078 22451 18975 15749 12963 10956 10200 10956 12963 24945 21124 17385 13793 10500 7889 6800 7889 10500 20287 16357 12472 8693 5250 3400 5250 16000 12000 8000 4000 0 8693
36056 36690 40800 37613 37400 37613 38246 34928 34234 34000 34234 34928 36056 32869 31628 30860 30600 30860 31628 32869 34531 31557 29729 28352 27493 27200 27493 28352 29729 31557 33762 31088 28678 26654 25109 24134 23800 24134 25109 26654 28678 31088 33800 28569 25926 23668 21913 20788 20400 20788 21913 23668 25926 28569 31499 29411 26249 23345 20809 18788 17464 17000 17464 18788 20809 23345 26249 24186 20999 18137 15778 14176 13600 14176 15778 18137 20999 18975 15749 12963 10956 10200 10956 12963 15749 18975 13793 10500 7889 6800 7889 10500 13793 8693 5250 3400 5250 8693 0
