BLOCK_NO: 39
POINTS: 189
COORDINATES:
0 -332.000000 -104.000000
1 -280.000000 -137.250000
2 -332.586504 -119.767562
3 -329.216536 -121.922397
4 -325.846568 -124.077233
5 -322.476600 -126.232068
6 -319.106632 -128.386903
7 -334.124862 -114.748254
8 -330.754894 -116.903089
9 -327.384926 -119.057925
10 -324.014958 -121.212760
11 -320.644990 -123.367595
12 -317.275022 -125.522431
13 -313.905054 -127.677266
14 -310.535086 -129.832101
15 -307.165118 -131.986937
16 -335.663220 -109.728946
17 -332.293252 -111.883781
18 -328.923284 -114.038616
19 -325.553316 -116.193452
20 -322.183348 -118.348287
21 -318.813380 -120.503122
22 -315.443412 -122.657958
23 -312.073444 -124.812793
24 -308.703476 -126.967628
25 -305.333508 -129.122464
26 -301.963540 -131.277299
27 -333.831610 -106.864473
28 -330.461642 -109.019308
29 -327.091674 -111.174144
30 -323.721706 -113.328979
31 -320.351738 -115.483814
32 -316.981770 -117.638650
33 -313.611802 -119.793485
34 -310.241834 -121.948320
35 -306.871866 -124.103156
36 -303.501898 -126.257991
37 -300.131930 -128.412826
38 -296.761961 -130.567662
39 -293.391993 -132.722497
40 -328.630032 -106.154835
41 -325.260064 -108.309671
42 -321.890096 -110.464506
43 -318.520128 -112.619341
44 -315.150160 -114.774177
45 -311.780192 -116.929012
46 -308.410224 -119.083847
47 -305.040256 -121.238683
48 -301.670288 -123.393518
49 -298.300319 -125.548353
50 -294.930351 -127.703189
51 -291.560383 -129.858024
52 -288.190415 -132.012859
53 -284.820447 -134.167695
54 -281.450479 -136.322530
55 -323.428454 -105.445198
56 -320.058486 -107.600033
57 -316.688518 -109.754869
58 -313.318550 -111.909704
59 -309.948582 -114.064539
60 -306.578614 -116.219375
61 -303.208646 -118.374210
62 -299.838678 -120.529045
63 -296.468709 -122.683881
64 -293.098741 -124.838716
65 -289.728773 -126.993551
66 -286.358805 -129.148387
67 -282.988837 -131.303222
68 -279.618869 -133.458057
69 -276.248901 -135.612893
70 -272.878933 -137.767728
71 -318.226876 -104.735560
72 -314.856908 -106.890396
73 -311.486940 -109.045231
74 -308.116972 -111.200066
75 -304.747004 -113.354902
76 -301.377036 -115.509737
77 -298.007067 -117.664572
78 -294.637099 -119.819408
79 -291.267131 -121.974243
80 -287.897163 -124.129078
81 -284.527195 -126.283914
82 -281.157227 -128.438749
83 -277.787259 -130.593584
84 -274.417291 -132.748420
85 -271.047323 -134.903255
86 -267.677355 -137.058090
87 -264.307387 -139.212926
88 -313.025298 -104.025923
89 -309.655330 -106.180758
90 -306.285362 -108.335594
91 -302.915394 -110.490429
92 -299.545425 -112.645264
93 -296.175457 -114.800100
94 -292.805489 -116.954935
95 -289.435521 -119.109770
96 -286.065553 -121.264606
97 -282.695585 -123.419441
98 -279.325617 -125.574276
99 -275.955649 -127.729112
100 -272.585681 -129.883947
101 -269.215713 -132.038782
102 -265.845745 -134.193618
103 -262.475777 -136.348453
104 -259.105809 -138.503288
105 -307.823720 -103.316285
106 -304.453752 -105.471121
107 -301.083783 -107.625956
108 -297.713815 -109.780791
109 -294.343847 -111.935627
110 -290.973879 -114.090462
111 -287.603911 -116.245297
112 -284.233943 -118.400133
113 -280.863975 -120.554968
114 -277.494007 -122.709803
115 -274.124039 -124.864639
116 -270.754071 -127.019474
117 -267.384103 -129.174309
118 -264.014135 -131.329145
119 -260.644167 -133.483980
120 -257.274199 -135.638815
121 -253.904231 -137.793651
122 -299.252173 -104.761483
123 -295.882205 -106.916319
124 -292.512237 -109.071154
125 -289.142269 -111.225989
126 -285.772301 -113.380825
127 -282.402333 -115.535660
128 -279.032365 -117.690495
129 -275.662397 -119.845331
130 -272.292429 -122.000166
131 -268.922461 -124.155001
132 -265.552493 -126.309837
133 -262.182525 -128.464672
134 -258.812557 -130.619507
135 -255.442589 -132.774343
136 -252.072621 -134.929178
137 -294.050595 -104.051846
138 -290.680627 -106.206681
139 -287.310659 -108.361516
140 -283.940691 -110.516352
141 -280.570723 -112.671187
142 -277.200755 -114.826022
143 -273.830787 -116.980858
144 -270.460819 -119.135693
145 -267.090851 -121.290528
146 -263.720883 -123.445364
147 -260.350915 -125.600199
148 -256.980947 -127.755034
149 -253.610979 -129.909870
150 -250.241011 -132.064705
151 -285.479049 -105.497043
152 -282.109081 -107.651879
153 -278.739113 -109.806714
154 -275.369145 -111.961550
155 -271.999177 -114.116385
156 -268.629209 -116.271220
157 -265.259241 -118.426056
158 -261.889273 -120.580891
159 -258.519305 -122.735726
160 -255.149337 -124.890562
161 -251.779369 -127.045397
162 -248.409401 -129.200232
163 -276.907503 -106.942241
164 -273.537535 -109.097077
165 -270.167567 -111.251912
166 -266.797599 -113.406747
167 -263.427631 -115.561583
168 -260.057663 -117.716418
169 -256.687695 -119.871253
170 -253.317727 -122.026089
171 -249.947759 -124.180924
172 -268.335957 -108.387439
173 -264.965989 -110.542275
174 -261.596021 -112.697110
175 -258.226053 -114.851945
176 -254.856085 -117.006781
177 -251.486117 -119.161616
178 -248.116149 -121.316451
179 -263.134379 -107.677802
180 -259.764411 -109.832637
181 -256.394443 -111.987472
182 -253.024475 -114.142308
183 -249.654507 -116.297143
184 -246.284539 -118.451978
185 -257.932801 -106.968164
186 -254.562833 -109.123000
187 -251.192865 -111.277835
188 -247.822897 -113.432670
TOUR_ORDER:
0 27 16 17 7 2 8 18 29 28 40 41 55 71 56 42 30 19 9 3 4 10 20 31 43 57 72 88 105 89 73 58 44 32 21 11 5 6 12 22 33 45 59 74 90 106 122 107 91 75 60 46 34 23 13 14 24 35 47 61 76 92 108 123 137 138 124 109 93 77 62 48 36 25 15 26 37 49 63 78 94 110 125 139 151 152 140 126 111 95 79 64 50 38 39 51 65 80 96 112 127 141 153 163 164 154 142 128 113 97 81 66 52 53 67 82 98 114 129 143 155 156 166 165 172 173 179 180 185 186 181 182 187 188 183 184 178 171 161 162 150 136 121 104 120 135 149 148 134 119 103 87 86 102 118 133 147 159 160 170 177 176 169 168 175 174 167 157 158 146 132 117 101 85 70 69 84 100 116 131 145 144 130 115 99 83 68 54 1
