BLOCK_NO: 46
POINTS: 210
COORDINATES:
0 -180.000000 -185.000000
1 -148.000000 -213.000000
2 -205.248948 -244.227786
3 -206.020339 -239.035007
4 -203.010032 -241.669025
5 -199.999726 -244.303044
6 -206.791730 -233.842227
7 -203.781424 -236.476246
8 -200.771117 -239.110264
9 -197.760810 -241.744283
10 -194.750503 -244.378301
11 -204.552815 -231.283467
12 -201.542508 -233.917485
13 -198.532201 -236.551504
14 -195.521894 -239.185522
15 -192.511588 -241.819540
16 -189.501281 -244.453559
17 -205.324206 -226.090688
18 -202.313899 -228.724706
19 -199.303592 -231.358724
20 -196.293285 -233.992743
21 -193.282979 -236.626761
22 -190.272672 -239.260780
23 -187.262365 -241.894798
24 -206.095597 -220.897908
25 -203.085290 -223.531927
26 -200.074983 -226.165945
27 -197.064677 -228.799964
28 -194.054370 -231.433982
29 -191.044063 -234.068000
30 -188.033756 -236.702019
31 -185.023449 -239.336037
32 -182.013143 -241.970056
33 -206.866988 -215.705129
34 -203.856681 -218.339148
35 -200.846374 -220.973166
36 -197.836068 -223.607184
37 -194.825761 -226.241203
38 -191.815454 -228.875221
39 -188.805147 -231.509240
40 -185.794841 -234.143258
41 -182.784534 -236.777277
42 -179.774227 -239.411295
43 -176.763920 -242.045313
44 -204.628072 -213.146368
45 -201.617766 -215.780387
46 -198.607459 -218.414405
47 -195.597152 -221.048424
48 -192.586845 -223.682442
49 -189.576538 -226.316461
50 -186.566232 -228.950479
51 -183.555925 -231.584497
52 -180.545618 -234.218516
53 -177.535311 -236.852534
54 -174.525005 -239.486553
55 -171.514698 -242.120571
56 -205.399463 -207.953589
57 -202.389157 -210.587608
58 -199.378850 -213.221626
59 -196.368543 -215.855644
60 -193.358236 -218.489663
61 -190.347930 -221.123681
62 -187.337623 -223.757700
63 -184.327316 -226.391718
64 -181.317009 -229.025737
65 -178.306702 -231.659755
66 -175.296396 -234.293774
67 -172.286089 -236.927792
68 -169.275782 -239.561810
69 -166.265475 -242.195829
70 -203.160548 -205.394828
71 -200.150241 -208.028847
72 -197.139934 -210.662865
73 -194.129627 -213.296884
74 -191.119321 -215.930902
75 -188.109014 -218.564921
76 -185.098707 -221.198939
77 -182.088400 -223.832957
78 -179.078094 -226.466976
79 -176.067787 -229.100994
80 -173.057480 -231.735013
81 -170.047173 -234.369031
82 -167.036866 -237.003050
83 -164.026560 -239.637068
84 -161.016253 -242.271086
85 -200.921632 -202.836068
86 -197.911325 -205.470086
87 -194.901019 -208.104105
88 -191.890712 -210.738123
89 -188.880405 -213.372141
90 -185.870098 -216.006160
91 -182.859791 -218.640178
92 -179.849485 -221.274197
93 -176.839178 -223.908215
94 -173.828871 -226.542234
95 -170.818564 -229.176252
96 -167.808258 -231.810270
97 -164.797951 -234.444289
98 -161.787644 -237.078307
99 -158.777337 -239.712326
100 -155.767030 -242.346344
101 -195.672410 -202.911325
102 -192.662103 -205.545344
103 -189.651796 -208.179362
104 -186.641489 -210.813381
105 -183.631183 -213.447399
106 -180.620876 -216.081417
107 -177.610569 -218.715436
108 -174.600262 -221.349454
109 -171.589955 -223.983473
110 -168.579649 -226.617491
111 -165.569342 -229.251510
112 -162.559035 -231.885528
113 -159.548728 -234.519547
114 -156.538422 -237.153565
115 -153.528115 -239.787583
116 -150.517808 -242.421602
117 -193.433494 -200.352565
118 -190.423187 -202.986583
119 -187.412880 -205.620601
120 -184.402574 -208.254620
121 -181.392267 -210.888638
122 -178.381960 -213.522657
123 -175.371653 -216.156675
124 -172.361347 -218.790694
125 -169.351040 -221.424712
126 -166.340733 -224.058730
127 -163.330426 -226.692749
128 -160.320119 -229.326767
129 -157.309813 -231.960786
130 -154.299506 -234.594804
131 -151.289199 -237.228823
132 -191.194578 -197.793804
133 -188.184272 -200.427822
134 -185.173965 -203.061841
135 -182.163658 -205.695859
136 -179.153351 -208.329878
137 -176.143044 -210.963896
138 -173.132738 -213.597914
139 -170.122431 -216.231933
140 -167.112124 -218.865951
141 -164.101817 -221.499970
142 -161.091511 -224.133988
143 -158.081204 -226.768007
144 -155.070897 -229.402025
145 -152.060590 -232.036043
146 -149.050283 -234.670062
147 -188.955663 -195.235043
148 -185.945356 -197.869061
149 -182.935049 -200.503080
150 -179.924742 -203.137098
151 -176.914436 -205.771117
152 -173.904129 -208.405135
153 -170.893822 -211.039154
154 -167.883515 -213.673172
155 -164.873208 -216.307190
156 -161.862902 -218.941209
157 -158.852595 -221.575227
158 -155.842288 -224.209246
159 -152.831981 -226.843264
160 -149.821675 -229.477283
161 -186.716747 -192.676282
162 -183.706440 -195.310301
163 -180.696133 -197.944319
164 -177.685827 -200.578338
165 -174.675520 -203.212356
166 -171.665213 -205.846374
167 -168.654906 -208.480393
168 -165.644600 -211.114411
169 -162.634293 -213.748430
170 -159.623986 -216.382448
171 -156.613679 -219.016467
172 -153.603372 -221.650485
173 -150.593066 -224.284503
174 -184.477831 -190.117522
175 -181.467525 -192.751540
176 -178.457218 -195.385558
177 -175.446911 -198.019577
178 -172.436604 -200.653595
179 -169.426297 -203.287614
180 -166.415991 -205.921632
181 -163.405684 -208.555651
182 -160.395377 -211.189669
183 -157.385070 -213.823687
184 -154.374764 -216.457706
185 -151.364457 -219.091724
186 -182.238916 -187.558761
187 -179.228609 -190.192779
188 -176.218302 -192.826798
189 -173.207995 -195.460816
190 -170.197689 -198.094834
191 -167.187382 -200.728853
192 -164.177075 -203.362871
193 -161.166768 -205.996890
194 -158.156461 -208.630908
195 -155.146155 -211.264927
196 -152.135848 -213.898945
197 -149.125541 -216.532964
198 -164.948466 -198.170092
199 -161.938159 -200.804111
200 -158.927853 -203.438129
201 -155.917546 -206.072147
202 -152.907239 -208.706166
203 -149.896932 -211.340184
204 -156.688937 -200.879368
205 -153.678630 -203.513387
206 -150.668323 -206.147405
207 -154.450021 -198.320607
208 -151.439714 -200.954626
209 -149.200799 -198.395865
TOUR_ORDER:
0 186 174 161 147 132 117 101 86 71 85 70 56 57 44 33 24 34 45 58 72 87 102 118 133 148 162 175 187 188 176 163 149 134 119 103 88 73 59 46 35 25 17 18 26 36 47 60 74 89 104 120 135 150 164 177 189 190 178 165 151 136 121 105 90 75 61 48 37 27 19 12 11 6 7 3 2 4 8 13 20 28 38 49 62 76 91 106 122 137 152 166 179 191 198 199 192 180 167 153 138 123 107 92 77 63 50 39 29 21 14 9 5 10 15 16 23 22 30 40 51 64 78 93 108 124 139 154 168 181 193 200 204 207 209 208 205 201 194 182 169 155 140 125 109 94 79 65 52 41 31 32 42 53 66 80 95 110 126 141 156 170 183 195 202 206 203 196 184 171 157 142 127 111 96 81 67 54 43 55 68 82 97 112 128 143 158 144 129 130 114 113 98 83 69 84 99 100 116 115 131 146 145 160 159 173 172 185 197 1
