0 36695 21793 22674 24192 26238 18234 18429 19462 21212 23518 26235 29247 15080 16327 18378 20997 24001 27262 11762 13323 15769 18757 22067 25576 8508 10561 13516 16907 20519 24252 28059 5435 8288 11826 15589 19447 23352 27285 31235 3134 6998 10961 14943 18933 22926 26921 30918 34915 3636 7237 11115 15056 19022 23000 26985 30973 34964 6304 8882 12250 15913 19707 23570 27472 31398 35341 9454 11337 14131 17403 20929 24600 28361 32179 36037 12733 14188 16506 19381 22600 26037 29616 16063 17239 19192 21714 24630 27817
36695 0 40112 36805 33648 30689 41953 38389 34918 31573 28399 25457 123450 36898 33273 29744 26349 23149 20236 35671 31906 28206 24601 21138 17900 34734 30855 27012 23222 19515 15951 12651 34112 30153 26207 22280 18385 14546 10826 7403 33821 29824 25828 21833 17840 13852 9873 5923 2163 33872 29881 25894 21911 17935 13974 10044 6203 2843 34261 30322 26401 22508 18660 14893 11287 8062 5882 34978 31129 27325 23585 19946 16475 13306 10707 9178 36003 32277 28625 25080 21693 18553 15805 37311 33730 30254 26924 23801 20978
21793 40112 0 4000 8000 12000 5250 3400 5250 8693 12472 16357 20287 6800 7889 10500 13793 17385 21124 10200 10956 12963 15749 18975 22451 13600 14176 15778 18137 20999 24186 27586 17000 17464 18788 20809 23345 26249 29411 32757 20400 20788 21913 23668 25926 28569 31499 34643 37949 23800 24134 25109 26654 28678 31088 33800 36748 39880 27200 27493 28352 29729 31557 33762 36275 39036 41998 30600 30860 31628 32869 34531 36556 38889 41477 44276 34000 34234 34928 36056 37577 39446 41617 37400 37613 38246 39278 40679 42412
22674 36805 4000 0 4000 8000 8693 5250 3400 5250 8693 12472 16357 7889 6800 7889 10500 13793 17385 10956 10200 10956 12963 15749 18975 14176 13600 14176 15778 18137 20999 24186 17464 17000 17464 18788 20809 23345 26249 29411 20788 20400 20788 21913 23668 25926 28569 31499 34643 24134 23800 24134 25109 26654 28678 31088 33800 36748 27493 27200 27493 28352 29729 31557 33762 36275 39036 30860 30600 30860 31628 32869 34531 36556 38889 41477 34234 34000 34234 34928 36056 37577 39446 37613 37400 37613 38246 39278 40679
24192 33648 8000 4000 0 4000 12472 8693 5250 3400 5250 8693 12472 10500 7889 6800 7889 10500 13793 12963 10956 10200 10956 12963 15749 15778 14176 13600 14176 15778 18137 20999 18788 17464 17000 17464 18788 20809 23345 26249 21913 20788 20400 20788 21913 23668 25926 28569 31499 25109 24134 23800 24134 25109 26654 28678 31088 33800 28352 27493 27200 27493 28352 29729 31557 33762 36275 31628 30860 30600 30860 31628 32869 34531 36556 38889 34928 34234 34000 34234 34928 36056 37577 38246 37613 37400 37613 38246 39278
26238 30689 12000 8000 4000 0 16357 12472 8693 5250 3400 5250 8693 13793 10500 7889 6800 7889 10500 15749 12963 10956 10200 10956 12963 18137 15778 14176 13600 14176 15778 18137 20809 18788 17464 17000 17464 18788 20809 23345 23668 21913 20788 20400 20788 21913 23668 25926 28569 26654 25109 24134 23800 24134 25109 26654 28678 31088 29729 28352 27493 27200 27493 28352 29729 31557 33762 32869 31628 30860 30600 30860 31628 32869 34531 36556 36056 34928 34234 34000 34234 34928 36056 39278 38246 37613 37400 37613 38246
18234 41953 5250 8693 12472 16357 0 4000 8000 12000 16000 20000 24000 5250 8693 12472 16357 20287 24240 7889 10500 13793 17385 21124 24945 10956 12963 15749 18975 22451 26078 29800 14176 15778 18137 20999 24186 27586 31128 34770 17464 18788 20809 23345 26249 29411 32757 36235 39812 20788 21913 23668 25926 28569 31499 34643 37949 41378 24134 25109 26654 28678 31088 33800 36748 39880 43156 27493 28352 29729 31557 33762 36275 39036 41998 45120 30860 31628 32869 34531 36556 38889 41477 34234 34928 36056 37577 39446 41617
18429 38389 3400 5250 8693 12472 4000 0 4000 8000 12000 16000 20000 3400 5250 8693 12472 16357 20287 6800 7889 10500 13793 17385 21124 10200 10956 12963 15749 18975 22451 26078 13600 14176 15778 18137 20999 24186 27586 31128 17000 17464 18788 20809 23345 26249 29411 32757 36235 20400 20788 21913 23668 25926 28569 31499 34643 37949 23800 24134 25109 26654 28678 31088 33800 36748 39880 27200 27493 28352 29729 31557 33762 36275 39036 41998 30600 30860 31628 32869 34531 36556 38889 34000 34234 34928 36056 37577 39446
19462 34918 5250 3400 5250 8693 8000 4000 0 4000 8000 12000 16000 5250 3400 5250 8693 12472 16357 7889 6800 7889 10500 13793 17385 10956 10200 10956 12963 15749 18975 22451 14176 13600 14176 15778 18137 20999 24186 27586 17464 17000 17464 18788 20809 23345 26249 29411 32757 20788 20400 20788 21913 23668 25926 28569 31499 34643 24134 23800 24134 25109 26654 28678 31088 33800 36748 27493 27200 27493 28352 29729 31557 33762 36275 39036 30860 30600 30860 31628 32869 34531 36556 34234 34000 34234 34928 36056 37577
21212 31573 8693 5250 3400 5250 12000 8000 4000 0 4000 8000 12000 8693 5250 3400 5250 8693 12472 10500 7889 6800 7889 10500 13793 12963 10956 10200 10956 12963 15749 18975 15778 14176 13600 14176 15778 18137 20999 24186 18788 17464 17000 17464 18788 20809 23345 26249 29411 21913 20788 20400 20788 21913 23668 25926 28569 31499 25109 24134 23800 24134 25109 26654 28678 31088 33800 28352 27493 27200 27493 28352 29729 31557 33762 36275 31628 30860 30600 30860 31628 32869 34531 34928 34234 34000 34234 34928 36056
23518 28399 12472 8693 5250 3400 16000 12000 8000 4000 0 4000 8000 12472 8693 5250 3400 5250 8693 13793 10500 7889 6800 7889 10500 15749 12963 10956 10200 10956 12963 15749 18137 15778 14176 13600 14176 15778 18137 20999 20809 18788 17464 17000 17464 18788 20809 23345 26249 23668 21913 20788 20400 20788 21913 23668 25926 28569 26654 25109 24134 23800 24134 25109 26654 28678 31088 29729 28352 27493 27200 27493 28352 29729 31557 33762 32869 31628 30860 30600 30860 31628 32869 36056 34928 34234 34000 34234 34928
26235 25457 16357 12472 8693 5250 20000 16000 12000 8000 4000 0 4000 16357 12472 8693 5250 3400 5250 17385 13793 10500 7889 6800 7889 18975 15749 12963 10956 10200 10956 12963 20999 18137 15778 14176 13600 14176 15778 18137 23345 20809 18788 17464 17000 17464 18788 20809 23345 25926 23668 21913 20788 20400 20788 21913 23668 25926 28678 26654 25109 24134 23800 24134 25109 26654 28678 31557 29729 28352 27493 27200 27493 28352 29729 31557 34531 32869 31628 30860 30600 30860 31628 37577 36056 34928 34234 34000 34234
29247 123450 20287 16357 12472 8693 24000 20000 16000 12000 8000 4000 0 20287 16357 12472 8693 5250 3400 21124 17385 13793 10500 7889 6800 22451 18975 15749 12963 10956 10200 10956 24186 20999 18137 15778 14176 13600 14176 29009 26249 23345 20809 18788 17464 17000 17464 18788 87504 28569 25926 23668 21913 20788 20400 20788 21913 36898 31088 28678 26654 25109 24134 23800 24134 25109 26654 33762 31557 29729 28352 27493 27200 27493 28352 29729 36556 34531 32869 31628 30860 30600 30860 39446 37577 36056 34928 34234 34000
15080 36898 6800 7889 10500 13793 5250 3400 5250 8693 12472 16357 20287 0 4000 8000 12000 16000 20000 3400 5250 8693 12472 16357 20287 6800 7889 10500 13793 17385 21124 24945 10200 10956 12963 15749 18975 22451 26078 29800 13600 14176 15778 18137 20999 24186 27586 31128 34770 17000 17464 18788 20809 23345 26249 29411 32757 36235 20400 20788 21913 23668 25926 28569 31499 34643 37949 23800 24134 25109 26654 28678 31088 33800 36748 39880 27200 27493 28352 29729 31557 33762 36275 30600 30860 31628 32869 34531 36556
16327 33273 7889 6800 7889 10500 8693 5250 3400 5250 8693 12472 16357 4000 0 4000 8000 12000 16000 5250 3400 5250 8693 12472 16357 7889 6800 7889 10500 13793 17385 21124 10956 10200 10956 12963 15749 18975 22451 26078 14176 13600 14176 15778 18137 20999 24186 27586 31128 17464 17000 17464 18788 20809 23345 26249 29411 32757 20788 20400 20788 21913 23668 25926 28569 31499 34643 24134 23800 24134 25109 26654 28678 31088 33800 36748 27493 27200 27493 28352 29729 31557 33762 30860 30600 30860 31628 32869 34531
18378 29744 10500 7889 6800 7889 12472 8693 5250 3400 5250 8693 12472 8000 4000 0 4000 8000 12000 8693 5250 3400 5250 8693 12472 10500 7889 6800 7889 10500 13793 17385 12963 10956 10200 10956 12963 15749 18975 22451 15778 14176 13600 14176 15778 18137 20999 24186 27586 18788 17464 17000 17464 18788 20809 23345 26249 29411 21913 20788 20400 20788 21913 23668 25926 28569 31499 25109 24134 23800 24134 25109 26654 28678 31088 33800 28352 27493 27200 27493 28352 29729 31557 31628 30860 30600 30860 31628 32869
20997 26349 13793 10500 7889 6800 16357 12472 8693 5250 3400 5250 8693 12000 8000 4000 0 4000 8000 12472 8693 5250 3400 5250 8693 13793 10500 7889 6800 7889 10500 13793 15749 12963 10956 10200 10956 12963 15749 18975 18137 15778 14176 13600 14176 15778 18137 20999 24186 20809 18788 17464 17000 17464 18788 20809 23345 26249 23668 21913 20788 20400 20788 21913 23668 25926 28569 26654 25109 24134 23800 24134 25109 26654 28678 31088 29729 28352 27493 27200 27493 28352 29729 32869 31628 30860 30600 30860 31628
24001 23149 17385 13793 10500 7889 20287 16357 12472 8693 5250 3400 5250 16000 12000 8000 4000 0 4000 16357 12472 8693 5250 3400 5250 17385 13793 10500 7889 6800 7889 10500 18975 15749 12963 10956 10200 10956 12963 15749 20999 18137 15778 14176 13600 14176 15778 18137 20999 23345 20809 18788 17464 17000 17464 18788 20809 23345 25926 23668 21913 20788 20400 20788 21913 23668 25926 28678 26654 25109 24134 23800 24134 25109 26654 28678 31557 29729 28352 27493 27200 27493 28352 34531 32869 31628 30860 30600 30860
27262 20236 21124 17385 13793 10500 24240 20287 16357 12472 8693 5250 3400 20000 16000 12000 8000 4000 0 20287 16357 12472 8693 5250 3400 21124 17385 13793 10500 7889 6800 7889 22451 18975 15749 12963 10956 10200 10956 12963 24186 20999 18137 15778 14176 13600 14176 15778 18137 26249 23345 20809 18788 17464 17000 17464 18788 20809 28569 25926 23668 21913 20788 20400 20788 21913 23668 31088 28678 26654 25109 24134 23800 24134 25109 26654 33762 31557 29729 28352 27493 27200 27493 36556 34531 32869 31628 30860 30600
11762 35671 10200 10956 12963 15749 7889 6800 7889 10500 13793 17385 21124 3400 5250 8693 12472 16357 20287 0 4000 8000 12000 16000 20000 3400 5250 8693 12472 16357 20287 24240 6800 7889 10500 13793 17385 21124 24945 28814 10200 10956 12963 15749 18975 22451 26078 29800 33586 13600 14176 15778 18137 20999 24186 27586 31128 34770 17000 17464 18788 20809 23345 26249 29411 32757 36235 20400 20788 21913 23668 25926 28569 31499 34643 37949 23800 24134 25109 26654 28678 31088 33800 27200 27493 28352 29729 31557 33762
13323 31906 10956 10200 10956 12963 10500 7889 6800 7889 10500 13793 17385 5250 3400 5250 8693 12472 16357 4000 0 4000 8000 12000 16000 5250 3400 5250 8693 12472 16357 20287 7889 6800 7889 10500 13793 17385 21124 24945 10956 10200 10956 12963 15749 18975 22451 26078 29800 14176 13600 14176 15778 18137 20999 24186 27586 31128 17464 17000 17464 18788 20809 23345 26249 29411 32757 20788 20400 20788 21913 23668 25926 28569 31499 34643 24134 23800 24134 25109 26654 28678 31088 27493 27200 27493 28352 29729 31557
15769 28206 12963 10956 10200 10956 13793 10500 7889 6800 7889 10500 13793 8693 5250 3400 5250 8693 12472 8000 4000 0 4000 8000 12000 8693 5250 3400 5250 8693 12472 16357 10500 7889 6800 7889 10500 13793 17385 21124 12963 10956 10200 10956 12963 15749 18975 22451 26078 15778 14176 13600 14176 15778 18137 20999 24186 27586 18788 17464 17000 17464 18788 20809 23345 26249 29411 21913 20788 20400 20788 21913 23668 25926 28569 31499 25109 24134 23800 24134 25109 26654 28678 28352 27493 27200 27493 28352 29729
18757 24601 15749 12963 10956 10200 17385 13793 10500 7889 6800 7889 10500 12472 8693 5250 3400 5250 8693 12000 8000 4000 0 4000 8000 12472 8693 5250 3400 5250 8693 12472 13793 10500 7889 6800 7889 10500 13793 17385 15749 12963 10956 10200 10956 12963 15749 18975 22451 18137 15778 14176 13600 14176 15778 18137 20999 24186 20809 18788 17464 17000 17464 18788 20809 23345 26249 23668 21913 20788 20400 20788 21913 23668 25926 28569 26654 25109 24134 23800 24134 25109 26654 29729 28352 27493 27200 27493 28352
22067 21138 18975 15749 12963 10956 21124 17385 13793 10500 7889 6800 7889 16357 12472 8693 5250 3400 5250 16000 12000 8000 4000 0 4000 16357 12472 8693 5250 3400 5250 8693 17385 13793 10500 7889 6800 7889 10500 13793 18975 15749 12963 10956 10200 10956 12963 15749 18975 20999 18137 15778 14176 13600 14176 15778 18137 20999 23345 20809 18788 17464 17000 17464 18788 20809 23345 25926 23668 21913 20788 20400 20788 21913 23668 25926 28678 26654 25109 24134 23800 24134 25109 31557 29729 28352 27493 27200 27493
25576 17900 22451 18975 15749 12963 24945 21124 17385 13793 10500 7889 6800 20287 16357 12472 8693 5250 3400 20000 16000 12000 8000 4000 0 20287 16357 12472 8693 5250 3400 5250 21124 17385 13793 10500 7889 6800 7889 10500 22451 18975 15749 12963 10956 10200 10956 12963 15749 24186 20999 18137 15778 14176 13600 14176 15778 18137 26249 23345 20809 18788 17464 17000 17464 18788 20809 28569 25926 23668 21913 20788 20400 20788 21913 23668 31088 28678 26654 25109 24134 23800 24134 33762 31557 29729 28352 27493 27200
8508 34734 13600 14176 15778 18137 10956 10200 10956 12963 15749 18975 22451 6800 7889 10500 13793 17385 21124 3400 5250 8693 12472 16357 20287 0 4000 8000 12000 16000 20000 24000 3400 5250 8693 12472 16357 20287 24240 28206 6800 7889 10500 13793 17385 21124 24945 28814 32715 10200 10956 12963 15749 18975 22451 26078 29800 33586 13600 14176 15778 18137 20999 24186 27586 31128 34770 17000 17464 18788 20809 23345 26249 29411 32757 36235 20400 20788 21913 23668 25926 28569 31499 23800 24134 25109 26654 28678 31088
10561 30855 14176 13600 14176 15778 12963 10956 10200 10956 12963 15749 18975 7889 6800 7889 10500 13793 17385 5250 3400 5250 8693 12472 16357 4000 0 4000 8000 12000 16000 20000 5250 3400 5250 8693 12472 16357 20287 24240 7889 6800 7889 10500 13793 17385 21124 24945 28814 10956 10200 10956 12963 15749 18975 22451 26078 29800 14176 13600 14176 15778 18137 20999 24186 27586 31128 17464 17000 17464 18788 20809 23345 26249 29411 32757 20788 20400 20788 21913 23668 25926 28569 24134 23800 24134 25109 26654 28678
13516 27012 15778 14176 13600 14176 15749 12963 10956 10200 10956 12963 15749 10500 7889 6800 7889 10500 13793 8693 5250 3400 5250 8693 12472 8000 4000 0 4000 8000 12000 16000 8693 5250 3400 5250 8693 12472 16357 20287 10500 7889 6800 7889 10500 13793 17385 21124 24945 12963 10956 10200 10956 12963 15749 18975 22451 26078 15778 14176 13600 14176 15778 18137 20999 24186 27586 18788 17464 17000 17464 18788 20809 23345 26249 29411 21913 20788 20400 20788 21913 23668 25926 25109 24134 23800 24134 25109 26654
16907 23222 18137 15778 14176 13600 18975 15749 12963 10956 10200 10956 12963 13793 10500 7889 6800 7889 10500 12472 8693 5250 3400 5250 8693 12000 8000 4000 0 4000 8000 12000 12472 8693 5250 3400 5250 8693 12472 16357 13793 10500 7889 6800 7889 10500 13793 17385 21124 15749 12963 10956 10200 10956 12963 15749 18975 22451 18137 15778 14176 13600 14176 15778 18137 20999 24186 20809 18788 17464 17000 17464 18788 20809 23345 26249 23668 21913 20788 20400 20788 21913 23668 26654 25109 24134 23800 24134 25109
20519 19515 20999 18137 15778 14176 22451 18975 15749 12963 10956 10200 10956 17385 13793 10500 7889 6800 7889 16357 12472 8693 5250 3400 5250 16000 12000 8000 4000 0 4000 8000 16357 12472 8693 5250 3400 5250 8693 12472 17385 13793 10500 7889 6800 7889 10500 13793 17385 18975 15749 12963 10956 10200 10956 12963 15749 18975 20999 18137 15778 14176 13600 14176 15778 18137 20999 23345 20809 18788 17464 17000 17464 18788 20809 23345 25926 23668 21913 20788 20400 20788 21913 28678 26654 25109 24134 23800 24134
24252 15951 24186 20999 18137 15778 26078 22451 18975 15749 12963 10956 10200 21124 17385 13793 10500 7889 6800 20287 16357 12472 8693 5250 3400 20000 16000 12000 8000 4000 0 4000 20287 16357 12472 8693 5250 3400 5250 8693 21124 17385 13793 10500 7889 6800 7889 10500 13793 22451 18975 15749 12963 10956 10200 10956 12963 15749 24186 20999 18137 15778 14176 13600 14176 15778 18137 26249 23345 20809 18788 17464 17000 17464 18788 20809 28569 25926 23668 21913 20788 20400 20788 31088 28678 26654 25109 24134 23800
28059 12651 27586 24186 20999 18137 29800 26078 22451 18975 15749 12963 10956 24945 21124 17385 13793 10500 7889 24240 20287 16357 12472 8693 5250 24000 20000 16000 12000 8000 4000 0 24240 20287 16357 12472 8693 5250 3400 5250 24945 21124 17385 13793 10500 7889 6800 7889 10500 26078 22451 18975 15749 12963 10956 10200 10956 12963 27586 24186 20999 18137 15778 14176 13600 14176 15778 29411 26249 23345 20809 18788 17464 17000 17464 18788 31499 28569 25926 23668 21913 20788 20400 33800 31088 28678 26654 25109 24134
5435 34112 17000 17464 18788 20809 14176 13600 14176 15778 18137 20999 24186 10200 10956 12963 15749 18975 22451 6800 7889 10500 13793 17385 21124 3400 5250 8693 12472 16357 20287 24240 0 4000 8000 12000 16000 20000 24000 28000 3400 5250 8693 12472 16357 20287 24240 28206 32180 6800 7889 10500 13793 17385 21124 24945 28814 32715 10200 10956 12963 15749 18975 22451 26078 29800 33586 13600 14176 15778 18137 20999 24186 27586 31128 34770 17000 17464 18788 20809 23345 26249 29411 20400 20788 21913 23668 25926 28569
8288 30153 17464 17000 17464 18788 15778 14176 13600 14176 15778 18137 20999 10956 10200 10956 12963 15749 18975 7889 6800 7889 10500 13793 17385 5250 3400 5250 8693 12472 16357 20287 4000 0 4000 8000 12000 16000 20000 24000 5250 3400 5250 8693 12472 16357 20287 24240 28206 7889 6800 7889 10500 13793 17385 21124 24945 28814 10956 10200 10956 12963 15749 18975 22451 26078 29800 14176 13600 14176 15778 18137 20999 24186 27586 31128 17464 17000 17464 18788 20809 23345 26249 20788 20400 20788 21913 23668 25926
11826 26207 18788 17464 17000 17464 18137 15778 14176 13600 14176 15778 18137 12963 10956 10200 10956 12963 15749 10500 7889 6800 7889 10500 13793 8693 5250 3400 5250 8693 12472 16357 8000 4000 0 4000 8000 12000 16000 20000 8693 5250 3400 5250 8693 12472 16357 20287 24240 10500 7889 6800 7889 10500 13793 17385 21124 24945 12963 10956 10200 10956 12963 15749 18975 22451 26078 15778 14176 13600 14176 15778 18137 20999 24186 27586 18788 17464 17000 17464 18788 20809 23345 21913 20788 20400 20788 21913 23668
15589 22280 20809 18788 17464 17000 20999 18137 15778 14176 13600 14176 15778 15749 12963 10956 10200 10956 12963 13793 10500 7889 6800 7889 10500 12472 8693 5250 3400 5250 8693 12472 12000 8000 4000 0 4000 8000 12000 16000 12472 8693 5250 3400 5250 8693 12472 16357 20287 13793 10500 7889 6800 7889 10500 13793 17385 21124 15749 12963 10956 10200 10956 12963 15749 18975 22451 18137 15778 14176 13600 14176 15778 18137 20999 24186 20809 18788 17464 17000 17464 18788 20809 23668 21913 20788 20400 20788 21913
19447 18385 23345 20809 18788 17464 24186 20999 18137 15778 14176 13600 14176 18975 15749 12963 10956 10200 10956 17385 13793 10500 7889 6800 7889 16357 12472 8693 5250 3400 5250 8693 16000 12000 8000 4000 0 4000 8000 12000 16357 12472 8693 5250 3400 5250 8693 12472 16357 17385 13793 10500 7889 6800 7889 10500 13793 17385 18975 15749 12963 10956 10200 10956 12963 15749 18975 20999 18137 15778 14176 13600 14176 15778 18137 20999 23345 20809 18788 17464 17000 17464 18788 25926 23668 21913 20788 20400 20788
23352 14546 26249 23345 20809 18788 27586 24186 20999 18137 15778 14176 13600 22451 18975 15749 12963 10956 10200 21124 17385 13793 10500 7889 6800 20287 16357 12472 8693 5250 3400 5250 20000 16000 12000 8000 4000 0 4000 8000 20287 16357 12472 8693 5250 3400 5250 8693 12472 21124 17385 13793 10500 7889 6800 7889 10500 13793 22451 18975 15749 12963 10956 10200 10956 12963 15749 24186 20999 18137 15778 14176 13600 14176 15778 18137 26249 23345 20809 18788 17464 17000 17464 28569 25926 23668 21913 20788 20400
27285 10826 29411 26249 23345 20809 31128 27586 24186 20999 18137 15778 14176 26078 22451 18975 15749 12963 10956 24945 21124 17385 13793 10500 7889 24240 20287 16357 12472 8693 5250 3400 24000 20000 16000 12000 8000 4000 0 4000 24240 20287 16357 12472 8693 5250 3400 5250 8693 24945 21124 17385 13793 10500 7889 6800 7889 10500 26078 22451 18975 15749 12963 10956 10200 10956 12963 27586 24186 20999 18137 15778 14176 13600 14176 15778 29411 26249 23345 20809 18788 17464 17000 31499 28569 25926 23668 21913 20788
31235 7403 32757 29411 26249 23345 34770 31128 27586 24186 20999 18137 29009 29800 26078 22451 18975 15749 12963 28814 24945 21124 17385 13793 10500 28206 24240 20287 16357 12472 8693 5250 28000 24000 20000 16000 12000 8000 4000 0 28206 24240 20287 16357 12472 8693 5250 3400 5250 28814 24945 21124 17385 13793 10500 7889 6800 7889 29800 26078 22451 18975 15749 12963 10956 10200 10956 31128 27586 24186 20999 18137 15778 14176 13600 14176 32757 29411 26249 23345 20809 18788 17464 34643 31499 28569 25926 23668 21913
3134 33821 20400 20788 21913 23668 17464 17000 17464 18788 20809 23345 26249 13600 14176 15778 18137 20999 24186 10200 10956 12963 15749 18975 22451 6800 7889 10500 13793 17385 21124 24945 3400 5250 8693 12472 16357 20287 24240 28206 0 4000 8000 12000 16000 20000 24000 28000 32000 3400 5250 8693 12472 16357 20287 24240 28206 32180 6800 7889 10500 13793 17385 21124 24945 28814 32715 10200 10956 12963 15749 18975 22451 26078 29800 33586 13600 14176 15778 18137 20999 24186 27586 17000 17464 18788 20809 23345 26249
6998 29824 20788 20400 20788 21913 18788 17464 17000 17464 18788 20809 23345 14176 13600 14176 15778 18137 20999 10956 10200 10956 12963 15749 18975 7889 6800 7889 10500 13793 17385 21124 5250 3400 5250 8693 12472 16357 20287 24240 4000 0 4000 8000 12000 16000 20000 24000 28000 5250 3400 5250 8693 12472 16357 20287 24240 28206 7889 6800 7889 10500 13793 17385 21124 24945 28814 10956 10200 10956 12963 15749 18975 22451 26078 29800 14176 13600 14176 15778 18137 20999 24186 17464 17000 17464 18788 20809 23345
10961 25828 21913 20788 20400 20788 20809 18788 17464 17000 17464 18788 20809 15778 14176 13600 14176 15778 18137 12963 10956 10200 10956 12963 15749 10500 7889 6800 7889 10500 13793 17385 8693 5250 3400 5250 8693 12472 16357 20287 8000 4000 0 4000 8000 12000 16000 20000 24000 8693 5250 3400 5250 8693 12472 16357 20287 24240 10500 7889 6800 7889 10500 13793 17385 21124 24945 12963 10956 10200 10956 12963 15749 18975 22451 26078 15778 14176 13600 14176 15778 18137 20999 18788 17464 17000 17464 18788 20809
14943 21833 23668 21913 20788 20400 23345 20809 18788 17464 17000 17464 18788 18137 15778 14176 13600 14176 15778 15749 12963 10956 10200 10956 12963 13793 10500 7889 6800 7889 10500 13793 12472 8693 5250 3400 5250 8693 12472 16357 12000 8000 4000 0 4000 8000 12000 16000 20000 12472 8693 5250 3400 5250 8693 12472 16357 20287 13793 10500 7889 6800 7889 10500 13793 17385 21124 15749 12963 10956 10200 10956 12963 15749 18975 22451 18137 15778 14176 13600 14176 15778 18137 20809 18788 17464 17000 17464 18788
18933 17840 25926 23668 21913 20788 26249 23345 20809 18788 17464 17000 17464 20999 18137 15778 14176 13600 14176 18975 15749 12963 10956 10200 10956 17385 13793 10500 7889 6800 7889 10500 16357 12472 8693 5250 3400 5250 8693 12472 16000 12000 8000 4000 0 4000 8000 12000 16000 16357 12472 8693 5250 3400 5250 8693 12472 16357 17385 13793 10500 7889 6800 7889 10500 13793 17385 18975 15749 12963 10956 10200 10956 12963 15749 18975 20999 18137 15778 14176 13600 14176 15778 23345 20809 18788 17464 17000 17464
22926 13852 28569 25926 23668 21913 29411 26249 23345 20809 18788 17464 17000 24186 20999 18137 15778 14176 13600 22451 18975 15749 12963 10956 10200 21124 17385 13793 10500 7889 6800 7889 20287 16357 12472 8693 5250 3400 5250 8693 20000 16000 12000 8000 4000 0 4000 8000 12000 20287 16357 12472 8693 5250 3400 5250 8693 12472 21124 17385 13793 10500 7889 6800 7889 10500 13793 22451 18975 15749 12963 10956 10200 10956 12963 15749 24186 20999 18137 15778 14176 13600 14176 26249 23345 20809 18788 17464 17000
26921 9873 31499 28569 25926 23668 32757 29411 26249 23345 20809 18788 17464 27586 24186 20999 18137 15778 14176 26078 22451 18975 15749 12963 10956 24945 21124 17385 13793 10500 7889 6800 24240 20287 16357 12472 8693 5250 3400 5250 24000 20000 16000 12000 8000 4000 0 4000 8000 24240 20287 16357 12472 8693 5250 3400 5250 8693 24945 21124 17385 13793 10500 7889 6800 7889 10500 26078 22451 18975 15749 12963 10956 10200 10956 12963 27586 24186 20999 18137 15778 14176 13600 29411 26249 23345 20809 18788 17464
30918 5923 34643 31499 28569 25926 36235 32757 29411 26249 23345 20809 18788 31128 27586 24186 20999 18137 15778 29800 26078 22451 18975 15749 12963 28814 24945 21124 17385 13793 10500 7889 28206 24240 20287 16357 12472 8693 5250 3400 28000 24000 20000 16000 12000 8000 4000 0 4000 28206 24240 20287 16357 12472 8693 5250 3400 5250 28814 24945 21124 17385 13793 10500 7889 6800 7889 29800 26078 22451 18975 15749 12963 10956 10200 10956 31128 27586 24186 20999 18137 15778 14176 32757 29411 26249 23345 20809 18788
34915 2163 37949 34643 31499 28569 39812 36235 32757 29411 26249 23345 87504 34770 31128 27586 24186 20999 18137 33586 29800 26078 22451 18975 15749 32715 28814 24945 21124 17385 13793 10500 32180 28206 24240 20287 16357 12472 8693 5250 32000 28000 24000 20000 16000 12000 8000 4000 0 32180 28206 24240 20287 16357 12472 8693 5250 3400 32715 28814 24945 21124 17385 13793 10500 7889 6800 33586 29800 26078 22451 18975 15749 12963 10956 10200 34770 31128 27586 24186 20999 18137 15778 36235 32757 29411 26249 23345 20809
3636 33872 23800 24134 25109 26654 20788 20400 20788 21913 23668 25926 28569 17000 17464 18788 20809 23345 26249 13600 14176 15778 18137 20999 24186 10200 10956 12963 15749 18975 22451 26078 6800 7889 10500 13793 17385 21124 24945 28814 3400 5250 8693 12472 16357 20287 24240 28206 32180 0 4000 8000 12000 16000 20000 24000 28000 32000 3400 5250 8693 12472 16357 20287 24240 28206 32180 6800 7889 10500 13793 17385 21124 24945 28814 32715 10200 10956 12963 15749 18975 22451 26078 13600 14176 15778 18137 20999 24186
7237 29881 24134 23800 24134 25109 21913 20788 20400 20788 21913 23668 25926 17464 17000 17464 18788 20809 23345 14176 13600 14176 15778 18137 20999 10956 10200 10956 12963 15749 18975 22451 7889 6800 7889 10500 13793 17385 21124 24945 5250 3400 5250 8693 12472 16357 20287 24240 28206 4000 0 4000 8000 12000 16000 20000 24000 28000 5250 3400 5250 8693 12472 16357 20287 24240 28206 7889 6800 7889 10500 13793 17385 21124 24945 28814 10956 10200 10956 12963 15749 18975 22451 14176 13600 14176 15778 18137 20999
11115 25894 25109 24134 23800 24134 23668 21913 20788 20400 20788 21913 23668 18788 17464 17000 17464 18788 20809 15778 14176 13600 14176 15778 18137 12963 10956 10200 10956 12963 15749 18975 10500 7889 6800 7889 10500 13793 17385 21124 8693 5250 3400 5250 8693 12472 16357 20287 24240 8000 4000 0 4000 8000 12000 16000 20000 24000 8693 5250 3400 5250 8693 12472 16357 20287 24240 10500 7889 6800 7889 10500 13793 17385 21124 24945 12963 10956 10200 10956 12963 15749 18975 15778 14176 13600 14176 15778 18137
15056 21911 26654 25109 24134 23800 25926 23668 21913 20788 20400 20788 21913 20809 18788 17464 17000 17464 18788 18137 15778 14176 13600 14176 15778 15749 12963 10956 10200 10956 12963 15749 13793 10500 7889 6800 7889 10500 13793 17385 12472 8693 5250 3400 5250 8693 12472 16357 20287 12000 8000 4000 0 4000 8000 12000 16000 20000 12472 8693 5250 3400 5250 8693 12472 16357 20287 13793 10500 7889 6800 7889 10500 13793 17385 21124 15749 12963 10956 10200 10956 12963 15749 18137 15778 14176 13600 14176 15778
19022 17935 28678 26654 25109 24134 28569 25926 23668 21913 20788 20400 20788 23345 20809 18788 17464 17000 17464 20999 18137 15778 14176 13600 14176 18975 15749 12963 10956 10200 10956 12963 17385 13793 10500 7889 6800 7889 10500 13793 16357 12472 8693 5250 3400 5250 8693 12472 16357 16000 12000 8000 4000 0 4000 8000 12000 16000 16357 12472 8693 5250 3400 5250 8693 12472 16357 17385 13793 10500 7889 6800 7889 10500 13793 17385 18975 15749 12963 10956 10200 10956 12963 20999 18137 15778 14176 13600 14176
23000 13974 31088 28678 26654 25109 31499 28569 25926 23668 21913 20788 20400 26249 23345 20809 18788 17464 17000 24186 20999 18137 15778 14176 13600 22451 18975 15749 12963 10956 10200 10956 21124 17385 13793 10500 7889 6800 7889 10500 20287 16357 12472 8693 5250 3400 5250 8693 12472 20000 16000 12000 8000 4000 0 4000 8000 12000 20287 16357 12472 8693 5250 3400 5250 8693 12472 21124 17385 13793 10500 7889 6800 7889 10500 13793 22451 18975 15749 12963 10956 10200 10956 24186 20999 18137 15778 14176 13600
26985 10044 33800 31088 28678 26654 34643 31499 28569 25926 23668 21913 20788 29411 26249 23345 20809 18788 17464 27586 24186 20999 18137 15778 14176 26078 22451 18975 15749 12963 10956 10200 24945 21124 17385 13793 10500 7889 6800 7889 24240 20287 16357 12472 8693 5250 3400 5250 8693 24000 20000 16000 12000 8000 4000 0 4000 8000 24240 20287 16357 12472 8693 5250 3400 5250 8693 24945 21124 17385 13793 10500 7889 6800 7889 10500 26078 22451 18975 15749 12963 10956 10200 27586 24186 20999 18137 15778 14176
30973 6203 36748 33800 31088 28678 37949 34643 31499 28569 25926 23668 21913 32757 29411 26249 23345 20809 18788 31128 27586 24186 20999 18137 15778 29800 26078 22451 18975 15749 12963 10956 28814 24945 21124 17385 13793 10500 7889 6800 28206 24240 20287 16357 12472 8693 5250 3400 5250 28000 24000 20000 16000 12000 8000 4000 0 4000 28206 24240 20287 16357 12472 8693 5250 3400 5250 28814 24945 21124 17385 13793 10500 7889 6800 7889 29800 26078 22451 18975 15749 12963 10956 31128 27586 24186 20999 18137 15778
34964 2843 39880 36748 33800 31088 41378 37949 34643 31499 28569 25926 36898 36235 32757 29411 26249 23345 20809 34770 31128 27586 24186 20999 18137 33586 29800 26078 22451 18975 15749 12963 32715 28814 24945 21124 17385 13793 10500 7889 32180 28206 24240 20287 16357 12472 8693 5250 3400 32000 28000 24000 20000 16000 12000 8000 4000 0 32180 28206 24240 20287 16357 12472 8693 5250 3400 32715 28814 24945 21124 17385 13793 10500 7889 6800 33586 29800 26078 22451 18975 15749 12963 34770 31128 27586 24186 20999 18137
6304 34261 27200 27493 28352 29729 24134 23800 24134 25109 26654 28678 31088 20400 20788 21913 23668 25926 28569 17000 17464 18788 20809 23345 26249 13600 14176 15778 18137 20999 24186 27586 10200 10956 12963 15749 18975 22451 26078 29800 6800 7889 10500 13793 17385 21124 24945 28814 32715 3400 5250 8693 12472 16357 20287 24240 28206 32180 0 4000 8000 12000 16000 20000 24000 28000 32000 3400 5250 8693 12472 16357 20287 24240 28206 32180 6800 7889 10500 13793 17385 21124 24945 10200 10956 12963 15749 18975 22451
8882 30322 27493 27200 27493 28352 25109 24134 23800 24134 25109 26654 28678 20788 20400 20788 21913 23668 25926 17464 17000 17464 18788 20809 23345 14176 13600 14176 15778 18137 20999 24186 10956 10200 10956 12963 15749 18975 22451 26078 7889 6800 7889 10500 13793 17385 21124 24945 28814 5250 3400 5250 8693 12472 16357 20287 24240 28206 4000 0 4000 8000 12000 16000 20000 24000 28000 5250 3400 5250 8693 12472 16357 20287 24240 28206 7889 6800 7889 10500 13793 17385 21124 10956 10200 10956 12963 15749 18975
12250 26401 28352 27493 27200 27493 26654 25109 24134 23800 24134 25109 26654 21913 20788 20400 20788 21913 23668 18788 17464 17000 17464 18788 20809 15778 14176 13600 14176 15778 18137 20999 12963 10956 10200 10956 12963 15749 18975 22451 10500 7889 6800 7889 10500 13793 17385 21124 24945 8693 5250 3400 5250 8693 12472 16357 20287 24240 8000 4000 0 4000 8000 12000 16000 20000 24000 8693 5250 3400 5250 8693 12472 16357 20287 24240 10500 7889 6800 7889 10500 13793 17385 12963 10956 10200 10956 12963 15749
15913 22508 29729 28352 27493 27200 28678 26654 25109 24134 23800 24134 25109 23668 21913 20788 20400 20788 21913 20809 18788 17464 17000 17464 18788 18137 15778 14176 13600 14176 15778 18137 15749 12963 10956 10200 10956 12963 15749 18975 13793 10500 7889 6800 7889 10500 13793 17385 21124 12472 8693 5250 3400 5250 8693 12472 16357 20287 12000 8000 4000 0 4000 8000 12000 16000 20000 12472 8693 5250 3400 5250 8693 12472 16357 20287 13793 10500 7889 6800 7889 10500 13793 15749 12963 10956 10200 10956 12963
19707 18660 31557 29729 28352 27493 31088 28678 26654 25109 24134 23800 24134 25926 23668 21913 20788 20400 20788 23345 20809 18788 17464 17000 17464 20999 18137 15778 14176 13600 14176 15778 18975 15749 12963 10956 10200 10956 12963 15749 17385 13793 10500 7889 6800 7889 10500 13793 17385 16357 12472 8693 5250 3400 5250 8693 12472 16357 16000 12000 8000 4000 0 4000 8000 12000 16000 16357 12472 8693 5250 3400 5250 8693 12472 16357 17385 13793 10500 7889 6800 7889 10500 18975 15749 12963 10956 10200 10956
23570 14893 33762 31557 29729 28352 33800 31088 28678 26654 25109 24134 23800 28569 25926 23668 21913 20788 20400 26249 23345 20809 18788 17464 17000 24186 20999 18137 15778 14176 13600 14176 22451 18975 15749 12963 10956 10200 10956 12963 21124 17385 13793 10500 7889 6800 7889 10500 13793 20287 16357 12472 8693 5250 3400 5250 8693 12472 20000 16000 12000 8000 4000 0 4000 8000 12000 20287 16357 12472 8693 5250 3400 5250 8693 12472 21124 17385 13793 10500 7889 6800 7889 22451 18975 15749 12963 10956 10200
27472 11287 36275 33762 31557 29729 36748 33800 31088 28678 26654 25109 24134 31499 28569 25926 23668 21913 20788 29411 26249 23345 20809 18788 17464 27586 24186 20999 18137 15778 14176 13600 26078 22451 18975 15749 12963 10956 10200 10956 24945 21124 17385 13793 10500 7889 6800 7889 10500 24240 20287 16357 12472 8693 5250 3400 5250 8693 24000 20000 16000 12000 8000 4000 0 4000 8000 24240 20287 16357 12472 8693 5250 3400 5250 8693 24945 21124 17385 13793 10500 7889 6800 26078 22451 18975 15749 12963 10956
31398 8062 39036 36275 33762 31557 39880 36748 33800 31088 28678 26654 25109 34643 31499 28569 25926 23668 21913 32757 29411 26249 23345 20809 18788 31128 27586 24186 20999 18137 15778 14176 29800 26078 22451 18975 15749 12963 10956 10200 28814 24945 21124 17385 13793 10500 7889 6800 7889 28206 24240 20287 16357 12472 8693 5250 3400 5250 28000 24000 20000 16000 12000 8000 4000 0 4000 28206 24240 20287 16357 12472 8693 5250 3400 5250 28814 24945 21124 17385 13793 10500 7889 29800 26078 22451 18975 15749 12963
35341 5882 41998 39036 36275 33762 43156 39880 36748 33800 31088 28678 26654 37949 34643 31499 28569 25926 23668 36235 32757 29411 26249 23345 20809 34770 31128 27586 24186 20999 18137 15778 33586 29800 26078 22451 18975 15749 12963 10956 32715 28814 24945 21124 17385 13793 10500 7889 6800 32180 28206 24240 20287 16357 12472 8693 5250 3400 32000 28000 24000 20000 16000 12000 8000 4000 0 32180 28206 24240 20287 16357 12472 8693 5250 3400 32715 28814 24945 21124 17385 13793 10500 33586 29800 26078 22451 18975 15749
9454 34978 30600 30860 31628 32869 27493 27200 27493 28352 29729 31557 33762 23800 24134 25109 26654 28678 31088 20400 20788 21913 23668 25926 28569 17000 17464 18788 20809 23345 26249 29411 13600 14176 15778 18137 20999 24186 27586 31128 10200 10956 12963 15749 18975 22451 26078 29800 33586 6800 7889 10500 13793 17385 21124 24945 28814 32715 3400 5250 8693 12472 16357 20287 24240 28206 32180 0 4000 8000 12000 16000 20000 24000 28000 32000 3400 5250 8693 12472 16357 20287 24240 6800 7889 10500 13793 17385 21124
11337 31129 30860 30600 30860 31628 28352 27493 27200 27493 28352 29729 31557 24134 23800 24134 25109 26654 28678 20788 20400 20788 21913 23668 25926 17464 17000 17464 18788 20809 23345 26249 14176 13600 14176 15778 18137 20999 24186 27586 10956 10200 10956 12963 15749 18975 22451 26078 29800 7889 6800 7889 10500 13793 17385 21124 24945 28814 5250 3400 5250 8693 12472 16357 20287 24240 28206 4000 0 4000 8000 12000 16000 20000 24000 28000 5250 3400 5250 8693 12472 16357 20287 7889 6800 7889 10500 13793 17385
14131 27325 31628 30860 30600 30860 29729 28352 27493 27200 27493 28352 29729 25109 24134 23800 24134 25109 26654 21913 20788 20400 20788 21913 23668 18788 17464 17000 17464 18788 20809 23345 15778 14176 13600 14176 15778 18137 20999 24186 12963 10956 10200 10956 12963 15749 18975 22451 26078 10500 7889 6800 7889 10500 13793 17385 21124 24945 8693 5250 3400 5250 8693 12472 16357 20287 24240 8000 4000 0 4000 8000 12000 16000 20000 24000 8693 5250 3400 5250 8693 12472 16357 10500 7889 6800 7889 10500 13793
17403 23585 32869 31628 30860 30600 31557 29729 28352 27493 27200 27493 28352 26654 25109 24134 23800 24134 25109 23668 21913 20788 20400 20788 21913 20809 18788 17464 17000 17464 18788 20809 18137 15778 14176 13600 14176 15778 18137 20999 15749 12963 10956 10200 10956 12963 15749 18975 22451 13793 10500 7889 6800 7889 10500 13793 17385 21124 12472 8693 5250 3400 5250 8693 12472 16357 20287 12000 8000 4000 0 4000 8000 12000 16000 20000 12472 8693 5250 3400 5250 8693 12472 13793 10500 7889 6800 7889 10500
20929 19946 34531 32869 31628 30860 33762 31557 29729 28352 27493 27200 27493 28678 26654 25109 24134 23800 24134 25926 23668 21913 20788 20400 20788 23345 20809 18788 17464 17000 17464 18788 20999 18137 15778 14176 13600 14176 15778 18137 18975 15749 12963 10956 10200 10956 12963 15749 18975 17385 13793 10500 7889 6800 7889 10500 13793 17385 16357 12472 8693 5250 3400 5250 8693 12472 16357 16000 12000 8000 4000 0 4000 8000 12000 16000 16357 12472 8693 5250 3400 5250 8693 17385 13793 10500 7889 6800 7889
24600 16475 36556 34531 32869 31628 36275 33762 31557 29729 28352 27493 27200 31088 28678 26654 25109 24134 23800 28569 25926 23668 21913 20788 20400 26249 23345 20809 18788 17464 17000 17464 24186 20999 18137 15778 14176 13600 14176 15778 22451 18975 15749 12963 10956 10200 10956 12963 15749 21124 17385 13793 10500 7889 6800 7889 10500 13793 20287 16357 12472 8693 5250 3400 5250 8693 12472 20000 16000 12000 8000 4000 0 4000 8000 12000 20287 16357 12472 8693 5250 3400 5250 21124 17385 13793 10500 7889 6800
28361 13306 38889 36556 34531 32869 39036 36275 33762 31557 29729 28352 27493 33800 31088 28678 26654 25109 24134 31499 28569 25926 23668 21913 20788 29411 26249 23345 20809 18788 17464 17000 27586 24186 20999 18137 15778 14176 13600 14176 26078 22451 18975 15749 12963 10956 10200 10956 12963 24945 21124 17385 13793 10500 7889 6800 7889 10500 24240 20287 16357 12472 8693 5250 3400 5250 8693 24000 20000 16000 12000 8000 4000 0 4000 8000 24240 20287 16357 12472 8693 5250 3400 24945 21124 17385 13793 10500 7889
32179 10707 41477 38889 36556 34531 41998 39036 36275 33762 31557 29729 28352 36748 33800 31088 28678 26654 25109 34643 31499 28569 25926 23668 21913 32757 29411 26249 23345 20809 18788 17464 31128 27586 24186 20999 18137 15778 14176 13600 29800 26078 22451 18975 15749 12963 10956 10200 10956 28814 24945 21124 17385 13793 10500 7889 6800 7889 28206 24240 20287 16357 12472 8693 5250 3400 5250 28000 24000 20000 16000 12000 8000 4000 0 4000 28206 24240 20287 16357 12472 8693 5250 28814 24945 21124 17385 13793 10500
36037 9178 44276 41477 38889 36556 45120 41998 39036 36275 33762 31557 29729 39880 36748 33800 31088 28678 26654 37949 34643 31499 28569 25926 23668 36235 32757 29411 26249 23345 20809 18788 34770 31128 27586 24186 20999 18137 15778 14176 33586 29800 26078 22451 18975 15749 12963 10956 10200 32715 28814 24945 21124 17385 13793 10500 7889 6800 32180 28206 24240 20287 16357 12472 8693 5250 3400 32000 28000 24000 20000 16000 12000 8000 4000 0 32180 28206 24240 20287 16357 12472 8693 32715 28814 24945 21124 17385 13793
12733 36003 34000 34234 34928 36056 30860 30600 30860 31628 32869 34531 36556 27200 27493 28352 29729 31557 33762 23800 24134 25109 26654 28678 31088 20400 20788 21913 23668 25926 28569 31499 17000 17464 18788 20809 23345 26249 29411 32757 13600 14176 15778 18137 20999 24186 27586 31128 34770 10200 10956 12963 15749 18975 22451 26078 29800 33586 6800 7889 10500 13793 17385 21124 24945 28814 32715 3400 5250 8693 12472 16357 20287 24240 28206 32180 0 4000 8000 12000 16000 20000 24000 3400 5250 8693 12472 16357 20287
14188 32277 34234 34000 34234 34928 31628 30860 30600 30860 31628 32869 34531 27493 27200 27493 28352 29729 31557 24134 23800 24134 25109 26654 28678 20788 20400 20788 21913 23668 25926 28569 17464 17000 17464 18788 20809 23345 26249 29411 14176 13600 14176 15778 18137 20999 24186 27586 31128 10956 10200 10956 12963 15749 18975 22451 26078 29800 7889 6800 7889 10500 13793 17385 21124 24945 28814 5250 3400 5250 8693 12472 16357 20287 24240 28206 4000 0 4000 8000 12000 16000 20000 5250 3400 5250 8693 12472 16357
16506 28625 34928 34234 34000 34234 32869 31628 30860 30600 30860 31628 32869 28352 27493 27200 27493 28352 29729 25109 24134 23800 24134 25109 26654 21913 20788 20400 20788 21913 23668 25926 18788 17464 17000 17464 18788 20809 23345 26249 15778 14176 13600 14176 15778 18137 20999 24186 27586 12963 10956 10200 10956 12963 15749 18975 22451 26078 10500 7889 6800 7889 10500 13793 17385 21124 24945 8693 5250 3400 5250 8693 12472 16357 20287 24240 8000 4000 0 4000 8000 12000 16000 8693 5250 3400 5250 8693 12472
19381 25080 36056 34928 34234 34000 34531 32869 31628 30860 30600 30860 31628 29729 28352 27493 27200 27493 28352 26654 25109 24134 23800 24134 25109 23668 21913 20788 20400 20788 21913 23668 20809 18788 17464 17000 17464 18788 20809 23345 18137 15778 14176 13600 14176 15778 18137 20999 24186 15749 12963 10956 10200 10956 12963 15749 18975 22451 13793 10500 7889 6800 7889 10500 13793 17385 21124 12472 8693 5250 3400 5250 8693 12472 16357 20287 12000 8000 4000 0 4000 8000 12000 12472 8693 5250 3400 5250 8693
22600 21693 37577 36056 34928 34234 36556 34531 32869 31628 30860 30600 30860 31557 29729 28352 27493 27200 27493 28678 26654 25109 24134 23800 24134 25926 23668 21913 20788 20400 20788 21913 23345 20809 18788 17464 17000 17464 18788 20809 20999 18137 15778 14176 13600 14176 15778 18137 20999 18975 15749 12963 10956 10200 10956 12963 15749 18975 17385 13793 10500 7889 6800 7889 10500 13793 17385 16357 12472 8693 5250 3400 5250 8693 12472 16357 16000 12000 8000 4000 0 4000 8000 16357 12472 8693 5250 3400 5250
26037 18553 39446 37577 36056 34928 38889 36556 34531 32869 31628 30860 30600 33762 31557 29729 28352 27493 27200 31088 28678 26654 25109 24134 23800 28569 25926 23668 21913 20788 20400 20788 26249 23345 20809 18788 17464 17000 17464 18788 24186 20999 18137 15778 14176 13600 14176 15778 18137 22451 18975 15749 12963 10956 10200 10956 12963 15749 21124 17385 13793 10500 7889 6800 7889 10500 13793 20287 16357 12472 8693 5250 3400 5250 8693 12472 20000 16000 12000 8000 4000 0 4000 20287 16357 12472 8693 5250 3400
29616 15805 41617 39446 37577 36056 41477 38889 36556 34531 32869 31628 30860 36275 33762 31557 29729 28352 27493 33800 31088 28678 26654 25109 24134 31499 28569 25926 23668 21913 20788 20400 29411 26249 23345 20809 18788 17464 17000 17464 27586 24186 20999 18137 15778 14176 13600 14176 15778 26078 22451 18975 15749 12963 10956 10200 10956 12963 24945 21124 17385 13793 10500 7889 6800 7889 10500 24240 20287 16357 12472 8693 5250 3400 5250 8693 24000 20000 16000 12000 8000 4000 0 24240 20287 16357 12472 8693 5250
16063 37311 37400 37613 38246 39278 34234 34000 34234 34928 36056 37577 39446 30600 30860 31628 32869 34531 36556 27200 27493 28352 29729 31557 33762 23800 24134 25109 26654 28678 31088 33800 20400 20788 21913 23668 25926 28569 31499 34643 17000 17464 18788 20809 23345 26249 29411 32757 36235 13600 14176 15778 18137 20999 24186 27586 31128 34770 10200 10956 12963 15749 18975 22451 26078 29800 33586 6800 7889 10500 13793 17385 21124 24945 28814 32715 3400 5250 8693 12472 16357 20287 24240 0 4000 8000 12000 16000 20000
17239 33730 37613 37400 37613 38246 34928 34234 34000 34234 34928 36056 37577 30860 30600 30860 31628 32869 34531 27493 27200 27493 28352 29729 31557 24134 23800 24134 25109 26654 28678 31088 20788 20400 20788 21913 23668 25926 28569 31499 17464 17000 17464 18788 20809 23345 26249 29411 32757 14176 13600 14176 15778 18137 20999 24186 27586 31128 10956 10200 10956 12963 15749 18975 22451 26078 29800 7889 6800 7889 10500 13793 17385 21124 24945 28814 5250 3400 5250 8693 12472 16357 20287 4000 0 4000 8000 12000 16000
19192 30254 38246 37613 37400 37613 36056 34928 34234 34000 34234 34928 36056 31628 30860 30600 30860 31628 32869 28352 27493 27200 27493 28352 29729 25109 24134 23800 24134 25109 26654 28678 21913 20788 20400 20788 21913 23668 25926 28569 18788 17464 17000 17464 18788 20809 23345 26249 29411 15778 14176 13600 14176 15778 18137 20999 24186 27586 12963 10956 10200 10956 12963 15749 18975 22451 26078 10500 7889 6800 7889 10500 13793 17385 21124 24945 8693 5250 3400 5250 8693 12472 16357 8000 4000 0 4000 8000 12000
21714 26924 39278 38246 37613 37400 37577 36056 34928 34234 34000 34234 34928 32869 31628 30860 30600 30860 31628 29729 28352 27493 27200 27493 28352 26654 25109 24134 23800 24134 25109 26654 23668 21913 20788 20400 20788 21913 23668 25926 20809 18788 17464 17000 17464 18788 20809 23345 26249 18137 15778 14176 13600 14176 15778 18137 20999 24186 15749 12963 10956 10200 10956 12963 15749 18975 22451 13793 10500 7889 6800 7889 10500 13793 17385 21124 12472 8693 5250 3400 5250 8693 12472 12000 8000 4000 0 4000 8000
24630 23801 40679 39278 38246 37613 39446 37577 36056 34928 34234 34000 34234 34531 32869 31628 30860 30600 30860 31557 29729 28352 27493 27200 27493 28678 26654 25109 24134 23800 24134 25109 25926 23668 21913 20788 20400 20788 21913 23668 23345 20809 18788 17464 17000 17464 18788 20809 23345 20999 18137 15778 14176 13600 14176 15778 18137 20999 18975 15749 12963 10956 10200 10956 12963 15749 18975 17385 13793 10500 7889 6800 7889 10500 13793 17385 16357 12472 8693 5250 3400 5250 8693 16000 12000 8000 4000 0 4000
27817 20978 42412 40679 39278 38246 41617 39446 37577 36056 34928 34234 34000 36556 34531 32869 31628 30860 30600 33762 31557 29729 28352 27493 27200 31088 28678 26654 25109 24134 23800 24134 28569 25926 23668 21913 20788 20400 20788 21913 26249 23345 20809 18788 17464 17000 17464 18788 20809 24186 20999 18137 15778 14176 13600 14176 15778 18137 22451 18975 15749 12963 10956 10200 10956 12963 15749 21124 17385 13793 10500 7889 6800 7889 10500 13793 20287 16357 12472 8693 5250 3400 5250 20000 16000 12000 8000 4000 0
