BLOCK_NO: 6
POINTS: 119
COORDINATES:
0 108.000000 140.411765
1 70.666667 167.000000
2 139.470414 163.914383
3 140.756227 158.824522
4 137.498058 161.144940
5 134.239890 163.465358
6 142.042039 153.734661
7 138.783871 156.055079
8 135.525703 158.375497
9 132.267535 160.695915
10 140.069684 150.965218
11 136.811516 153.285636
12 133.553348 155.606054
13 130.295179 157.926472
14 127.037011 160.246890
15 138.097329 148.195775
16 134.839160 150.516193
17 131.580992 152.836611
18 128.322824 155.157029
19 125.064656 157.477447
20 121.806488 159.797865
21 118.548319 162.118283
22 136.124973 145.426332
23 132.866805 147.746750
24 129.608637 150.067168
25 126.350469 152.387586
26 123.092300 154.708004
27 119.834132 157.028422
28 116.575964 159.348841
29 113.317796 161.669259
30 134.152618 142.656889
31 130.894450 144.977307
32 127.636281 147.297725
33 124.378113 149.618143
34 121.119945 151.938561
35 117.861777 154.258979
36 114.603609 156.579398
37 111.345441 158.899816
38 108.087272 161.220234
39 104.829104 163.540652
40 128.922094 142.207864
41 125.663926 144.528282
42 122.405758 146.848700
43 119.147590 149.169118
44 115.889422 151.489537
45 112.631253 153.809955
46 109.373085 156.130373
47 106.114917 158.450791
48 102.856749 160.771209
49 99.598581 163.091627
50 96.340412 165.412045
51 93.082244 167.732463
52 123.691571 141.758839
53 120.433402 144.079257
54 117.175234 146.399675
55 113.917066 148.720094
56 110.658898 151.040512
57 107.400730 153.360930
58 104.142562 155.681348
59 100.884393 158.001766
60 97.626225 160.322184
61 94.368057 162.642602
62 91.109889 164.963020
63 87.851721 167.283438
64 84.593553 169.603856
65 118.461047 141.309814
66 115.202879 143.630233
67 111.944711 145.950651
68 108.686543 148.271069
69 105.428374 150.591487
70 102.170206 152.911905
71 98.912038 155.232323
72 95.653870 157.552741
73 92.395702 159.873159
74 89.137534 162.193577
75 85.879365 164.513995
76 82.621197 166.834413
77 79.363029 169.154832
78 113.230524 140.860790
79 109.972355 143.181208
80 106.714187 145.501626
81 103.456019 147.822044
82 100.197851 150.142462
83 96.939683 152.462880
84 93.681514 154.783298
85 90.423346 157.103716
86 87.165178 159.424134
87 83.907010 161.744552
88 80.648842 164.064970
89 77.390674 166.385389
90 74.132505 168.705807
91 104.741832 142.732183
92 101.483664 145.052601
93 98.225495 147.373019
94 94.967327 149.693437
95 91.709159 152.013855
96 88.450991 154.334273
97 85.192823 156.654691
98 81.934655 158.975109
99 78.676486 161.295528
100 75.418318 163.615946
101 72.160150 165.936364
102 99.511308 142.283158
103 96.253140 144.603576
104 92.994972 146.923994
105 89.736804 149.244412
106 86.478636 151.564830
107 83.220467 153.885248
108 79.962299 156.205666
109 76.704131 158.526085
110 73.445963 160.846503
111 91.022617 144.154551
112 87.764448 146.474969
113 84.506280 148.795387
114 81.248112 151.115805
115 77.989944 153.436224
116 74.731776 155.756642
117 79.275757 148.346363
118 76.017588 150.666781
TOUR_ORDER:
0 91 80 68 56 45 36 35 44 55 67 79 78 66 54 43 34 33 42 53 65 52 41 32 31 40 30 22 15 10 6 3 7 11 16 23 24 25 18 17 12 8 4 2 5 9 13 14 19 26 27 20 21 28 29 37 46 57 69 81 92 102 103 93 82 70 58 47 38 39 48 59 71 83 94 104 111 112 105 95 84 72 60 49 50 51 62 61 73 85 96 106 113 114 117 118 115 116 109 110 100 99 88 87 98 108 107 97 86 74 75 63 64 76 77 89 90 101 1
