BLOCK_NO: 17
POINTS: 64
COORDINATES:
0 -0.800000 -73.800000
1 -68.000000 -89.000000
2 -43.715860 -83.507159
3 -47.617302 -84.389628
4 -51.518744 -85.272097
5 -55.420186 -86.154566
6 -59.321628 -87.037035
7 -63.223070 -87.919504
8 -67.124511 -88.801973
9 -0.049901 -77.116226
10 -3.951343 -77.998695
11 -7.852785 -78.881164
12 -11.754227 -79.763633
13 -35.162878 -85.058446
14 -39.064320 -85.940915
15 -42.965762 -86.823384
16 -46.867204 -87.705853
17 -50.768645 -88.588322
18 -54.670087 -89.470791
19 -58.571529 -90.353260
20 -62.472971 -91.235729
21 -66.374413 -92.118198
22 0.700197 -80.432451
23 -3.201245 -81.314920
24 -7.102686 -82.197389
25 -11.004128 -83.079858
26 -14.905570 -83.962327
27 -18.807012 -84.844796
28 -22.708454 -85.727265
29 -26.609896 -86.609734
30 -30.511337 -87.492203
31 -34.412779 -88.374672
32 -38.314221 -89.257141
33 -42.215663 -90.139610
34 -46.117105 -91.022079
35 -50.018547 -91.904548
36 -53.919989 -92.787017
37 -57.821430 -93.669486
38 -61.722872 -94.551955
39 -65.624314 -95.434424
40 -14.155471 -87.278553
41 -18.056913 -88.161022
42 -21.958355 -89.043491
43 -25.859797 -89.925960
44 -29.761239 -90.808429
45 -33.662681 -91.690898
46 -37.564123 -92.573367
47 -41.465564 -93.455836
48 -45.367006 -94.338305
49 -49.268448 -95.220774
50 -53.169890 -96.103243
51 -57.071332 -96.985712
52 -60.972774 -97.868181
53 -64.874215 -98.750650
54 -21.208257 -92.359716
55 -25.109698 -93.242185
56 -29.011140 -94.124654
57 -32.912582 -95.007123
58 -36.814024 -95.889592
59 -40.715466 -96.772061
60 -44.616908 -97.654530
61 -48.518349 -98.536999
62 -52.419791 -99.419468
63 -56.321233 -100.301937
TOUR_ORDER:
0 9 22 10 23 24 11 12 25 26 40 41 27 28 42 54 55 43 29 30 44 56 57 45 31 13 14 32 46 58 59 47 33 15 2 3 16 34 48 60 61 49 35 17 4 5 18 36 50 62 63 51 37 19 6 7 20 38 52 53 39 21 8 1
