# 第45块采样点
# 总点数: 233
# 索引0: 起点, 1: 退出点, 2+: 网格点
# 格式: 索引 X Y

0 -187.400000 -153.000000
1 -172.846154 -173.846154
2 -189.191770 -144.494146
3 -186.901984 -147.773914
4 -184.612197 -151.053682
5 -182.322411 -154.333450
6 -180.032624 -157.613218
7 -177.742838 -160.892986
8 -175.453052 -164.172754
9 -173.163265 -167.452522
10 -170.873479 -170.732290
11 -168.583692 -174.012058
12 -166.293906 -177.291826
13 -164.004120 -180.571594
14 -188.693754 -139.268059
15 -186.403967 -142.547827
16 -184.114181 -145.827595
17 -181.824394 -149.107363
18 -179.534608 -152.387131
19 -177.244822 -155.666899
20 -174.955035 -158.946667
21 -172.665249 -162.226435
22 -170.375462 -165.506203
23 -168.085676 -168.785971
24 -165.795890 -172.065739
25 -163.506103 -175.345507
26 -161.216317 -178.625275
27 -158.926530 -181.905043
28 -188.195737 -134.041973
29 -185.905951 -137.321741
30 -183.616164 -140.601509
31 -181.326378 -143.881277
32 -179.036592 -147.161045
33 -176.746805 -150.440813
34 -174.457019 -153.720581
35 -172.167232 -157.000349
36 -169.877446 -160.280117
37 -167.587660 -163.559885
38 -165.297873 -166.839653
39 -163.008087 -170.119421
40 -160.718300 -173.399189
41 -158.428514 -176.678957
42 -156.138728 -179.958725
43 -153.848941 -183.238493
44 -185.407934 -132.095654
45 -183.118148 -135.375422
46 -180.828361 -138.655190
47 -178.538575 -141.934958
48 -176.248789 -145.214726
49 -173.959002 -148.494494
50 -171.669216 -151.774262
51 -169.379430 -155.054030
52 -167.089643 -158.333798
53 -164.799857 -161.613566
54 -162.510070 -164.893334
55 -160.220284 -168.173102
56 -157.930498 -171.452870
57 -155.640711 -174.732639
58 -153.350925 -178.012407
59 -151.061138 -181.292175
60 -148.771352 -184.571943
61 -182.620131 -130.149336
62 -180.330345 -133.429104
63 -178.040559 -136.708872
64 -175.750772 -139.988640
65 -173.460986 -143.268408
66 -171.171200 -146.548176
67 -168.881413 -149.827944
68 -166.591627 -153.107712
69 -164.301840 -156.387480
70 -162.012054 -159.667248
71 -159.722268 -162.947016
72 -157.432481 -166.226784
73 -155.142695 -169.506552
74 -152.852908 -172.786320
75 -150.563122 -176.066088
76 -148.273336 -179.345856
77 -145.983549 -182.625624
78 -179.832329 -128.203017
79 -177.542542 -131.482785
80 -175.252756 -134.762553
81 -172.962969 -138.042321
82 -170.673183 -141.322089
83 -168.383397 -144.601857
84 -166.093610 -147.881625
85 -163.803824 -151.161394
86 -161.514038 -154.441162
87 -159.224251 -157.720930
88 -156.934465 -161.000698
89 -154.644678 -164.280466
90 -152.354892 -167.560234
91 -150.065106 -170.840002
92 -147.775319 -174.119770
93 -145.485533 -177.399538
94 -143.195746 -180.679306
95 -140.905960 -183.959074
96 -174.754739 -129.536467
97 -172.464953 -132.816235
98 -170.175167 -136.096003
99 -167.885380 -139.375771
100 -165.595594 -142.655539
101 -163.305807 -145.935307
102 -161.016021 -149.215075
103 -158.726235 -152.494843
104 -156.436448 -155.774611
105 -154.146662 -159.054379
106 -151.856876 -162.334147
107 -149.567089 -165.613915
108 -147.277303 -168.893683
109 -144.987516 -172.173451
110 -142.697730 -175.453219
111 -140.407944 -178.732987
112 -138.118157 -182.012755
113 -171.966937 -127.590148
114 -169.677150 -130.869917
115 -167.387364 -134.149685
116 -165.097577 -137.429453
117 -162.807791 -140.709221
118 -160.518005 -143.988989
119 -158.228218 -147.268757
120 -155.938432 -150.548525
121 -153.648645 -153.828293
122 -151.358859 -157.108061
123 -149.069073 -160.387829
124 -146.779286 -163.667597
125 -144.489500 -166.947365
126 -142.199714 -170.227133
127 -139.909927 -173.506901
128 -137.620141 -176.786669
129 -135.330354 -180.066437
130 -169.179134 -125.643830
131 -166.889347 -128.923598
132 -164.599561 -132.203366
133 -162.309775 -135.483134
134 -160.019988 -138.762902
135 -157.730202 -142.042670
136 -155.440415 -145.322438
137 -153.150629 -148.602206
138 -150.860843 -151.881974
139 -148.571056 -155.161742
140 -146.281270 -158.441510
141 -143.991484 -161.721278
142 -141.701697 -165.001046
143 -139.411911 -168.280814
144 -137.122124 -171.560582
145 -134.832338 -174.840350
146 -132.542552 -178.120118
147 -164.101545 -126.977280
148 -161.811758 -130.257048
149 -159.521972 -133.536816
150 -157.232185 -136.816584
151 -154.942399 -140.096352
152 -152.652613 -143.376120
153 -150.362826 -146.655888
154 -148.073040 -149.935656
155 -145.783253 -153.215424
156 -143.493467 -156.495192
157 -141.203681 -159.774960
158 -138.913894 -163.054728
159 -136.624108 -166.334496
160 -134.334322 -169.614264
161 -132.044535 -172.894032
162 -161.313742 -125.030961
163 -159.023955 -128.310729
164 -156.734169 -131.590497
165 -154.444383 -134.870265
166 -152.154596 -138.150033
167 -149.864810 -141.429801
168 -147.575023 -144.709569
169 -145.285237 -147.989337
170 -142.995451 -151.269105
171 -140.705664 -154.548873
172 -138.415878 -157.828642
173 -136.126091 -161.108410
174 -133.836305 -164.388178
175 -131.546519 -167.667946
176 -156.236153 -126.364411
177 -153.946366 -129.644179
178 -151.656580 -132.923947
179 -149.366793 -136.203715
180 -147.077007 -139.483483
181 -144.787221 -142.763251
182 -142.497434 -146.043019
183 -140.207648 -149.322787
184 -137.917861 -152.602555
185 -135.628075 -155.882323
186 -133.338289 -159.162091
187 -131.048502 -162.441859
188 -153.448350 -124.418092
189 -151.158563 -127.697860
190 -148.868777 -130.977628
191 -146.578991 -134.257396
192 -144.289204 -137.537165
193 -141.999418 -140.816933
194 -139.709631 -144.096701
195 -137.419845 -147.376469
196 -135.130059 -150.656237
197 -132.840272 -153.936005
198 -130.550486 -157.215773
199 -150.660547 -122.471774
200 -148.370760 -125.751542
201 -146.080974 -129.031310
202 -143.791188 -132.311078
203 -141.501401 -135.590846
204 -139.211615 -138.870614
205 -136.921829 -142.150382
206 -134.632042 -145.430150
207 -132.342256 -148.709918
208 -130.052469 -151.989686
209 -145.582958 -123.805224
210 -143.293171 -127.084992
211 -141.003385 -130.364760
212 -138.713599 -133.644528
213 -136.423812 -136.924296
214 -134.134026 -140.204064
215 -131.844239 -143.483832
216 -129.554453 -146.763600
217 -142.795155 -121.858905
218 -140.505368 -125.138673
219 -138.215582 -128.418441
220 -135.925796 -131.698209
221 -133.636009 -134.977977
222 -131.346223 -138.257745
223 -129.056437 -141.537513
224 -140.007352 -119.912587
225 -137.717566 -123.192355
226 -135.427779 -126.472123
227 -133.137993 -129.751891
228 -130.848206 -133.031659
229 -128.558420 -136.311427
230 -134.929763 -121.246036
231 -132.639976 -124.525804
232 -130.350190 -127.805572
