# 第37块采样点
# 总点数: 31
# 索引0: 起点, 1: 退出点, 2+: 网格点
# 格式: 索引 X Y

0 -251.000000 -59.500000
1 -312.348837 -61.348837
2 -331.168531 -55.112909
3 -335.166716 -55.233400
4 -339.164901 -55.353891
5 -343.163086 -55.474383
6 -347.161271 -55.594874
7 -351.159456 -55.715365
8 -355.157640 -55.835856
9 -303.078820 -57.667928
10 -307.077005 -57.788419
11 -311.075190 -57.908910
12 -315.073375 -58.029402
13 -319.071559 -58.149893
14 -323.069744 -58.270384
15 -327.067929 -58.390875
16 -331.066114 -58.511366
17 -262.994554 -59.861473
18 -266.992739 -59.981965
19 -270.990924 -60.102456
20 -274.989109 -60.222947
21 -278.987294 -60.343438
22 -282.985479 -60.463929
23 -286.983663 -60.584420
24 -290.981848 -60.704912
25 -294.980033 -60.825403
26 -298.978218 -60.945894
27 -302.976403 -61.066385
28 -306.974588 -61.186876
29 -254.895767 -63.018948
30 -258.893952 -63.139439
