# 第53块采样点
# 总点数: 125
# 索引0: 起点, 1: 退出点, 2+: 网格点
# 格式: 索引 X Y

0 152.333333 -181.333333
1 124.000000 -148.200000
2 157.454619 -161.164733
3 154.854982 -158.124686
4 157.470217 -166.414472
5 154.870580 -163.374425
6 152.270942 -160.334378
7 149.671304 -157.294332
8 147.071667 -154.254285
9 144.472029 -151.214238
10 160.085453 -174.704257
11 157.485815 -171.664211
12 154.886177 -168.624164
13 152.286540 -165.584117
14 149.686902 -162.544070
15 147.087265 -159.504024
16 144.487627 -156.463977
17 141.887990 -153.423930
18 139.288352 -150.383883
19 157.501413 -176.913949
20 154.901775 -173.873903
21 152.302138 -170.833856
22 149.702500 -167.793809
23 147.102863 -164.753762
24 144.503225 -161.713716
25 141.903587 -158.673669
26 139.303950 -155.633622
27 136.704312 -152.593575
28 134.104675 -149.553528
29 154.917373 -179.123641
30 152.317736 -176.083595
31 149.718098 -173.043548
32 147.118460 -170.003501
33 144.518823 -166.963454
34 141.919185 -163.923407
35 139.319548 -160.883361
36 136.719910 -157.843314
37 134.120272 -154.803267
38 131.520635 -151.763220
39 128.920997 -148.723174
40 149.733696 -178.293287
41 147.134058 -175.253240
42 144.534421 -172.213193
43 141.934783 -169.173146
44 139.335145 -166.133099
45 136.735508 -163.093053
46 134.135870 -160.053006
47 131.536233 -157.012959
48 128.936595 -153.972912
49 126.336957 -150.932866
50 147.149656 -180.502979
51 144.550018 -177.462932
52 141.950381 -174.422885
53 139.350743 -171.382838
54 136.751106 -168.342791
55 134.151468 -165.302745
56 131.551830 -162.262698
57 128.952193 -159.222651
58 126.352555 -156.182604
59 123.752918 -153.142557
60 121.153280 -150.102511
61 141.965979 -179.672624
62 139.366341 -176.632577
63 136.766703 -173.592530
64 134.167066 -170.552483
65 131.567428 -167.512437
66 128.967791 -164.472390
67 126.368153 -161.432343
68 123.768516 -158.392296
69 121.168878 -155.352249
70 118.569240 -152.312203
71 139.381939 -181.882316
72 136.782301 -178.842269
73 134.182664 -175.802222
74 131.583026 -172.762175
75 128.983389 -169.722129
76 126.383751 -166.682082
77 123.784113 -163.642035
78 121.184476 -160.601988
79 118.584838 -157.561941
80 115.985201 -154.521895
81 134.198262 -181.051961
82 131.598624 -178.011914
83 128.998986 -174.971867
84 126.399349 -171.931820
85 123.799711 -168.891774
86 121.200074 -165.851727
87 118.600436 -162.811680
88 116.000798 -159.771633
89 113.401161 -156.731587
90 129.014584 -180.221606
91 126.414947 -177.181559
92 123.815309 -174.141512
93 121.215671 -171.101466
94 118.616034 -168.061419
95 116.016396 -165.021372
96 113.416759 -161.981325
97 110.817121 -158.941279
98 126.430544 -182.431298
99 123.830907 -179.391251
100 121.231269 -176.351204
101 118.631632 -173.311158
102 116.031994 -170.271111
103 113.432356 -167.231064
104 110.832719 -164.191017
105 108.233081 -161.150970
106 121.246867 -181.600943
107 118.647229 -178.560896
108 116.047592 -175.520850
109 113.447954 -172.480803
110 110.848317 -169.440756
111 108.248679 -166.400709
112 118.662827 -183.810635
113 116.063190 -180.770588
114 113.463552 -177.730541
115 110.863915 -174.690495
116 108.264277 -171.650448
117 105.664639 -168.610401
118 113.479150 -182.980280
119 110.879512 -179.940233
120 108.279875 -176.900187
121 105.680237 -173.860140
122 110.895110 -185.189972
123 108.295473 -182.149925
124 105.695835 -179.109879
