BLOCK_NO: 11
POINTS: 168
COORDINATES:
0 -75.666667 127.333333
1 -68.000000 87.000000
2 -105.686180 84.982550
3 -104.939224 81.052912
4 -104.192268 77.123274
5 -103.839899 93.476739
6 -103.092943 89.547101
7 -102.345987 85.617463
8 -101.599031 81.687825
9 -100.852075 77.758186
10 -104.234487 113.759843
11 -103.487531 109.830205
12 -102.740575 105.900567
13 -101.993619 101.970929
14 -101.246663 98.041290
15 -100.499707 94.111652
16 -99.752751 90.182014
17 -99.005795 86.252376
18 -98.258839 82.322737
19 -97.511883 78.393099
20 -96.764927 74.463461
21 -103.882119 130.113309
22 -103.135163 126.183671
23 -102.388207 122.254032
24 -101.641251 118.324394
25 -100.894295 114.394756
26 -100.147339 110.465118
27 -99.400383 106.535479
28 -98.653427 102.605841
29 -97.906471 98.676203
30 -97.159514 94.746565
31 -96.412558 90.816926
32 -95.665602 86.887288
33 -94.918646 82.957650
34 -94.171690 79.028012
35 -93.424734 75.098373
36 -103.529750 146.466774
37 -102.782794 142.537136
38 -102.035838 138.607498
39 -101.288882 134.677860
40 -100.541926 130.748221
41 -99.794970 126.818583
42 -99.048014 122.888945
43 -98.301058 118.959307
44 -97.554102 115.029668
45 -96.807146 111.100030
46 -96.060190 107.170392
47 -95.313234 103.240754
48 -94.566278 99.311116
49 -93.819322 95.381477
50 -93.072366 91.451839
51 -92.325410 87.522201
52 -91.578454 83.592563
53 -90.831498 79.662924
54 -90.084542 75.733286
55 -89.337586 71.803648
56 -100.189558 147.101687
57 -99.442602 143.172049
58 -98.695646 139.242411
59 -97.948690 135.312772
60 -97.201734 131.383134
61 -96.454778 127.453496
62 -95.707822 123.523858
63 -94.960866 119.594219
64 -94.213910 115.664581
65 -93.466954 111.734943
66 -92.719998 107.805305
67 -91.973042 103.875666
68 -91.226086 99.946028
69 -90.479129 96.016390
70 -89.732173 92.086752
71 -88.985217 88.157113
72 -88.238261 84.227475
73 -87.491305 80.297837
74 -86.744349 76.368199
75 -85.997393 72.438560
76 -94.608497 135.947685
77 -93.861541 132.018047
78 -93.114585 128.088408
79 -92.367629 124.158770
80 -91.620673 120.229132
81 -90.873717 116.299494
82 -90.126761 112.369855
83 -89.379805 108.440217
84 -88.632849 104.510579
85 -87.885893 100.580941
86 -87.138937 96.651303
87 -86.391981 92.721664
88 -85.645025 88.792026
89 -84.898069 84.862388
90 -84.151113 80.932750
91 -83.404157 77.003111
92 -82.657201 73.073473
93 -90.521349 132.652959
94 -89.774393 128.723321
95 -89.027437 124.793683
96 -88.280481 120.864045
97 -87.533525 116.934406
98 -86.786569 113.004768
99 -86.039613 109.075130
100 -85.292657 105.145492
101 -84.545701 101.215853
102 -83.798744 97.286215
103 -83.051788 93.356577
104 -82.304832 89.426939
105 -81.557876 85.497300
106 -80.810920 81.567662
107 -80.063964 77.638024
108 -86.434200 129.358234
109 -85.687244 125.428595
110 -84.940288 121.498957
111 -84.193332 117.569319
112 -83.446376 113.639681
113 -82.699420 109.710043
114 -81.952464 105.780404
115 -81.205508 101.850766
116 -80.458552 97.921128
117 -79.711596 93.991490
118 -78.964640 90.061851
119 -78.217684 86.132213
120 -77.470728 82.202575
121 -83.094008 129.993146
122 -82.347052 126.063508
123 -81.600096 122.133870
124 -80.853140 118.204232
125 -80.106184 114.274593
126 -79.359228 110.344955
127 -78.612272 106.415317
128 -77.865315 102.485679
129 -77.118359 98.556040
130 -76.371403 94.626402
131 -75.624447 90.696764
132 -74.877491 86.767126
133 -74.130535 82.837487
134 -79.006859 126.698421
135 -78.259903 122.768782
136 -77.512947 118.839144
137 -76.765991 114.909506
138 -76.019035 110.979868
139 -75.272079 107.050230
140 -74.525123 103.120591
141 -73.778167 99.190953
142 -73.031211 95.261315
143 -72.284255 91.331677
144 -71.537299 87.402038
145 -74.919711 123.403695
146 -74.172755 119.474057
147 -73.425799 115.544419
148 -72.678843 111.614780
149 -71.931887 107.685142
150 -71.184930 103.755504
151 -70.437974 99.825866
152 -69.691018 95.896227
153 -68.944062 91.966589
154 -68.197106 88.036951
155 -70.832562 120.108969
156 -70.085606 116.179331
157 -69.338650 112.249693
158 -68.591694 108.320055
159 -67.844738 104.390417
160 -67.097782 100.460778
161 -66.350826 96.531140
162 -65.603870 92.601502
163 -64.504545 105.025329
164 -63.757589 101.095691
165 -63.010633 97.166053
166 -60.417397 101.730604
167 -59.670441 97.800965
TOUR_ORDER:
0 134 145 135 123 110 96 80 63 62 79 95 109 122 121 108 94 78 61 60 77 93 76 59 58 57 56 36 37 38 39 40 21 22 41 42 23 24 43 44 64 81 97 111 124 136 146 155 156 147 137 125 112 98 82 65 45 26 25 10 11 12 27 46 66 83 99 113 126 138 148 157 158 149 139 127 114 100 84 67 47 28 13 14 29 48 68 85 101 115 128 140 150 159 163 164 166 167 165 161 160 151 141 129 116 102 86 69 49 30 15 5 6 16 31 50 70 87 103 117 130 142 152 162 153 143 131 118 104 88 71 51 32 17 7 2 3 4 9 8 18 33 52 72 73 53 34 19 20 35 54 74 55 75 92 91 107 106 90 89 105 119 120 133 132 144 154 1
