BLOCK_NO: 40
POINTS: 215
COORDINATES:
0 -280.000000 -154.235294
1 -332.210526 -173.210526
2 -360.995107 -165.583982
3 -348.555500 -164.680554
4 -352.314914 -166.046864
5 -356.074329 -167.413174
6 -359.833743 -168.779484
7 -336.115893 -163.777127
8 -339.875307 -165.143437
9 -343.634722 -166.509747
10 -347.394136 -167.876057
11 -351.153551 -169.242367
12 -354.912965 -170.608677
13 -327.435700 -164.240009
14 -331.195115 -165.606319
15 -334.954529 -166.972629
16 -338.713944 -168.338939
17 -342.473358 -169.705249
18 -346.232773 -171.071559
19 -318.755508 -164.702891
20 -322.514923 -166.069201
21 -326.274337 -167.435511
22 -330.033751 -168.801821
23 -333.793166 -170.168131
24 -337.552580 -171.534441
25 -291.278243 -158.334224
26 -295.037658 -159.700534
27 -298.797072 -161.066844
28 -302.556487 -162.433154
29 -306.315901 -163.799464
30 -310.075316 -165.165774
31 -313.834730 -166.532084
32 -317.594145 -167.898394
33 -321.353559 -169.264704
34 -325.112974 -170.631014
35 -328.872388 -171.997324
36 -282.598051 -158.797106
37 -286.357465 -160.163416
38 -290.116880 -161.529726
39 -293.876294 -162.896036
40 -297.635709 -164.262346
41 -301.395123 -165.628656
42 -305.154538 -166.994966
43 -308.913952 -168.361276
44 -312.673367 -169.727586
45 -316.432781 -171.093896
46 -320.192196 -172.460206
47 -323.951610 -173.826516
48 -270.158444 -157.893679
49 -273.917859 -159.259989
50 -277.677273 -160.626299
51 -281.436688 -161.992609
52 -285.196102 -163.358919
53 -288.955516 -164.725229
54 -292.714931 -166.091539
55 -296.474345 -167.457849
56 -300.233760 -168.824158
57 -303.993174 -170.190468
58 -307.752589 -171.556778
59 -311.512003 -172.923088
60 -315.271418 -174.289398
61 -319.030832 -175.655708
62 -265.237666 -159.722871
63 -268.997081 -161.089181
64 -272.756495 -162.455491
65 -276.515910 -163.821801
66 -280.275324 -165.188111
67 -284.034739 -166.554421
68 -287.794153 -167.920731
69 -291.553567 -169.287041
70 -295.312982 -170.653351
71 -299.072396 -172.019661
72 -302.831811 -173.385971
73 -306.591225 -174.752281
74 -310.350640 -176.118591
75 -264.076303 -162.918373
76 -267.835717 -164.284683
77 -271.595132 -165.650993
78 -275.354546 -167.017303
79 -279.113961 -168.383613
80 -282.873375 -169.749923
81 -286.632790 -171.116233
82 -290.392204 -172.482543
83 -294.151618 -173.848853
84 -297.911033 -175.215163
85 -301.670447 -176.581473
86 -305.429862 -177.947783
87 -309.189276 -179.314093
88 -262.914939 -166.113876
89 -266.674354 -167.480186
90 -270.433768 -168.846496
91 -274.193183 -170.212806
92 -277.952597 -171.579116
93 -281.712012 -172.945426
94 -285.471426 -174.311735
95 -289.230840 -175.678045
96 -292.990255 -177.044355
97 -296.749669 -178.410665
98 -300.509084 -179.776975
99 -304.268498 -181.143285
100 -261.753576 -169.309378
101 -265.512990 -170.675688
102 -269.272405 -172.041998
103 -273.031819 -173.408308
104 -276.791234 -174.774618
105 -280.550648 -176.140928
106 -284.310063 -177.507238
107 -288.069477 -178.873548
108 -291.828891 -180.239858
109 -295.588306 -181.606168
110 -299.347720 -182.972478
111 -303.107135 -184.338788
112 -260.592212 -172.504880
113 -264.351627 -173.871190
114 -268.111041 -175.237500
115 -271.870456 -176.603810
116 -275.629870 -177.970120
117 -279.389285 -179.336430
118 -283.148699 -180.702740
119 -286.908114 -182.069050
120 -290.667528 -183.435360
121 -294.426942 -184.801670
122 -298.186357 -186.167980
123 -301.945771 -187.534290
124 -305.705186 -188.900600
125 -263.190263 -177.066693
126 -266.949678 -178.433002
127 -270.709092 -179.799312
128 -274.468507 -181.165622
129 -278.227921 -182.531932
130 -281.987336 -183.898242
131 -285.746750 -185.264552
132 -289.506165 -186.630862
133 -293.265579 -187.997172
134 -297.024993 -189.363482
135 -300.784408 -190.729792
136 -304.543822 -192.096102
137 -262.028900 -180.262195
138 -265.788314 -181.628505
139 -269.547729 -182.994815
140 -273.307143 -184.361125
141 -277.066558 -185.727435
142 -280.825972 -187.093745
143 -284.585387 -188.460055
144 -288.344801 -189.826365
145 -292.104216 -191.192675
146 -295.863630 -192.558984
147 -299.623044 -193.925294
148 -303.382459 -195.291604
149 -307.141873 -196.657914
150 -260.867536 -183.457697
151 -264.626951 -184.824007
152 -268.386365 -186.190317
153 -272.145780 -187.556627
154 -275.905194 -188.922937
155 -279.664609 -190.289247
156 -283.424023 -191.655557
157 -287.183438 -193.021867
158 -290.942852 -194.388177
159 -294.702267 -195.754487
160 -298.461681 -197.120797
161 -302.221095 -198.487107
162 -305.980510 -199.853417
163 -263.465587 -188.019509
164 -267.225002 -189.385819
165 -270.984416 -190.752129
166 -274.743831 -192.118439
167 -278.503245 -193.484749
168 -282.262660 -194.851059
169 -286.022074 -196.217369
170 -289.781489 -197.583679
171 -293.540903 -198.949989
172 -297.300318 -200.316299
173 -301.059732 -201.682609
174 -304.819146 -203.048919
175 -262.304224 -191.215012
176 -266.063638 -192.581322
177 -269.823053 -193.947632
178 -273.582467 -195.313942
179 -277.341882 -196.680252
180 -281.101296 -198.046561
181 -284.860711 -199.412871
182 -288.620125 -200.779181
183 -292.379540 -202.145491
184 -296.138954 -203.511801
185 -299.898369 -204.878111
186 -303.657783 -206.244421
187 -307.417197 -207.610731
188 -268.661689 -197.143134
189 -272.421104 -198.509444
190 -276.180518 -199.875754
191 -279.939933 -201.242064
192 -283.699347 -202.608374
193 -287.458762 -203.974684
194 -291.218176 -205.340994
195 -294.977591 -206.707304
196 -298.737005 -208.073614
197 -302.496420 -209.439924
198 -271.259740 -201.704946
199 -275.019155 -203.071256
200 -278.778569 -204.437566
201 -282.537984 -205.803876
202 -286.297398 -207.170186
203 -290.056813 -208.536496
204 -293.816227 -209.902806
205 -297.575642 -211.269116
206 -301.335056 -212.635426
207 -277.617206 -207.633068
208 -281.376620 -208.999378
209 -285.136035 -210.365688
210 -288.895449 -211.731998
211 -292.654864 -213.098308
212 -280.215257 -212.194881
213 -283.974671 -213.561191
214 -287.734086 -214.927501
TOUR_ORDER:
0 50 65 64 49 48 63 62 75 88 100 112 125 113 101 89 76 77 90 102 114 126 138 137 150 151 163 175 176 164 152 139 127 115 103 91 78 79 92 104 116 128 140 153 165 177 188 198 189 178 166 154 141 129 117 105 93 80 67 66 51 36 37 52 53 68 81 94 106 118 130 142 155 167 179 190 199 207 200 191 180 168 156 143 131 119 107 95 82 69 54 39 38 25 26 27 40 55 70 83 96 108 120 132 144 157 169 181 192 201 208 212 213 209 202 193 182 170 158 145 133 121 109 97 84 71 56 41 28 29 42 57 72 85 98 110 122 134 146 159 171 183 194 203 210 214 211 204 195 184 172 173 185 196 205 206 197 186 187 174 162 149 148 161 160 147 135 136 124 123 111 99 86 87 74 73 58 43 30 31 44 59 60 45 32 19 20 33 46 61 47 34 21 13 14 15 7 8 9 3 4 5 2 6 12 11 10 18 17 16 24 23 22 35 1
