BLOCK_NO: 7
POINTS: 44
COORDINATES:
0 55.800000 168.300000
1 49.800000 183.800000
2 55.487138 206.781971
3 54.043162 210.512244
4 52.599186 214.242516
5 51.155209 217.972789
6 49.711233 221.703061
7 48.267256 225.433333
8 55.204360 198.094047
9 53.760383 201.824319
10 52.316407 205.554591
11 50.872431 209.284864
12 49.428454 213.015136
13 47.984478 216.745409
14 46.540501 220.475681
15 45.096525 224.205953
16 54.921581 189.406122
17 53.477605 193.136394
18 52.033628 196.866667
19 50.589652 200.596939
20 49.145675 204.327211
21 47.701699 208.057484
22 46.257723 211.787756
23 44.813746 215.518029
24 54.638802 180.718197
25 53.194826 184.448470
26 51.750849 188.178742
27 50.306873 191.909014
28 54.356024 172.030272
29 52.912047 175.760545
30 51.468071 179.490817
31 54.073245 163.342348
32 52.629268 167.072620
33 51.185292 170.802892
34 55.234443 150.924151
35 53.790466 154.654423
36 52.346490 158.384695
37 50.902513 162.114968
38 53.507687 145.966498
39 52.063711 149.696771
40 50.619735 153.427043
41 49.175758 157.157315
42 50.336956 144.739118
43 48.892980 148.469391
TOUR_ORDER:
0 31 36 35 34 38 42 43 39 40 41 37 32 33 28 29 30 24 25 16 17 8 9 10 2 3 4 5 6 7 15 14 13 23 22 12 11 21 20 19 18 27 26 1
