BLOCK_NO: 19
POINTS: 39
COORDINATES:
0 -100.000000 -45.428571
1 -96.000000 -19.555556
2 -80.755015 -32.213787
3 -85.948529 -43.553425
4 -85.337385 -39.600388
5 -84.726241 -35.647351
6 -84.115096 -31.694314
7 -83.503952 -27.741277
8 -82.892807 -23.788240
9 -89.308611 -43.033952
10 -88.697467 -39.080915
11 -88.086322 -35.127878
12 -87.475178 -31.174841
13 -86.864033 -27.221804
14 -86.252889 -23.268767
15 -92.668692 -42.514480
16 -92.057548 -38.561443
17 -91.446404 -34.608406
18 -90.835259 -30.655368
19 -90.224115 -26.702331
20 -89.612971 -22.749294
21 -89.001826 -18.796257
22 -96.028774 -41.995007
23 -95.417630 -38.041970
24 -94.806485 -34.088933
25 -94.195341 -30.135896
26 -93.584196 -26.182859
27 -92.973052 -22.229821
28 -99.388856 -41.475534
29 -98.777711 -37.522497
30 -98.166567 -33.569460
31 -97.555422 -29.616423
32 -96.944278 -25.663386
33 -96.333134 -21.710349
34 -102.748937 -40.956062
35 -102.137793 -37.003024
36 -101.526648 -33.049987
37 -100.915504 -29.096950
38 -100.304360 -25.143913
TOUR_ORDER:
0 34 28 22 15 9 3 4 10 16 23 29 35 36 30 24 17 11 5 2 6 12 18 25 31 37 38 32 26 19 13 7 8 14 21 20 27 33 1
