BLOCK_NO: 4
POINTS: 97
COORDINATES:
0 74.000000 75.000000
1 128.000000 81.666667
2 83.606083 62.482685
3 87.575944 62.972792
4 91.545805 63.462898
5 95.515666 63.953004
6 99.485527 64.443111
7 103.455388 64.933217
8 107.425249 65.423323
9 111.395110 65.913429
10 115.364971 66.403536
11 119.334832 66.893642
12 123.304693 67.383748
13 127.274554 67.873855
14 131.244414 68.363961
15 135.214275 68.854067
16 139.184136 69.344173
17 143.153997 69.834280
18 147.123858 70.324386
19 151.093719 70.814492
20 79.219632 65.366961
21 83.189493 65.857067
22 87.159354 66.347173
23 91.129215 66.837280
24 95.099076 67.327386
25 99.068937 67.817492
26 103.038798 68.307599
27 107.008658 68.797705
28 110.978519 69.287811
29 114.948380 69.777918
30 118.918241 70.268024
31 122.888102 70.758130
32 126.857963 71.248236
33 130.827824 71.738343
34 134.797685 72.228449
35 138.767546 72.718555
36 142.737407 73.208662
37 146.707268 73.698768
38 150.677129 74.188874
39 78.803042 68.741343
40 82.772903 69.231449
41 86.742763 69.721555
42 90.712624 70.211662
43 94.682485 70.701768
44 98.652346 71.191874
45 102.622207 71.681980
46 106.592068 72.172087
47 110.561929 72.662193
48 114.531790 73.152299
49 118.501651 73.642406
50 122.471512 74.132512
51 126.441373 74.622618
52 130.411234 75.112724
53 134.381095 75.602831
54 138.350956 76.092937
55 142.320817 76.583043
56 146.290677 77.073150
57 150.260538 77.563256
58 78.386451 72.115724
59 82.356312 72.605831
60 86.326173 73.095937
61 90.296034 73.586043
62 94.265895 74.076150
63 98.235756 74.566256
64 102.205617 75.056362
65 106.175478 75.546469
66 110.145339 76.036575
67 114.115200 76.526681
68 118.085061 77.016787
69 122.054922 77.506894
70 126.024782 77.997000
71 129.994643 78.487106
72 133.964504 78.977213
73 137.934365 79.467319
74 141.904226 79.957425
75 145.874087 80.447531
76 149.843948 80.937638
77 77.969861 75.490106
78 81.939722 75.980213
79 85.909583 76.470319
80 89.879444 76.960425
81 93.849305 77.450531
82 97.819166 77.940638
83 101.789027 78.430744
84 105.758887 78.920850
85 109.728748 79.410957
86 113.698609 79.901063
87 117.668470 80.391169
88 77.553271 78.864488
89 81.523132 79.354594
90 85.492992 79.844701
91 89.462853 80.334807
92 93.432714 80.824913
93 97.402575 81.315020
94 77.136680 82.238870
95 81.106541 82.728976
96 85.076402 83.219082
TOUR_ORDER:
0 77 58 39 20 2 21 40 59 78 89 88 94 95 96 90 79 60 41 22 3 4 23 42 61 80 91 92 81 62 43 24 5 6 25 44 63 82 93 83 64 45 26 7 8 27 46 65 84 85 66 47 28 9 10 29 48 67 86 87 68 49 30 11 12 13 32 31 50 69 70 51 52 33 14 15 34 35 16 17 18 19 38 57 76 75 56 37 36 55 74 73 54 53 72 71 1
