BLOCK_NO: 2
POINTS: 65
COORDINATES:
0 64.100000 -32.000000
1 60.000000 51.000000
2 70.891719 -31.664505
3 70.694369 -27.669377
4 70.497019 -23.674248
5 70.299670 -19.679119
6 70.102320 -15.683991
7 69.904970 -11.688862
8 69.707620 -7.693733
9 67.495859 -31.832253
10 67.298510 -27.837124
11 67.101160 -23.841995
12 66.903810 -19.846867
13 66.706460 -15.851738
14 66.509111 -11.856609
15 66.311761 -7.861481
16 66.114411 -3.866352
17 65.917062 0.128777
18 65.719712 4.123905
19 65.522362 8.119034
20 65.325012 12.114163
21 65.127663 16.109291
22 64.930313 20.104420
23 64.732963 24.099549
24 64.535613 28.094677
25 64.338264 32.089806
26 64.140914 36.084935
27 63.943564 40.080063
28 63.746215 44.075192
29 63.548865 48.070321
30 64.100000 -32.000000
31 63.902650 -28.004871
32 63.705301 -24.009743
33 63.507951 -20.014614
34 63.310601 -16.019485
35 63.113251 -12.024357
36 62.915902 -8.029228
37 62.718552 -4.034099
38 62.521202 -0.038971
39 62.323852 3.956158
40 62.126503 7.951287
41 61.929153 11.946415
42 61.731803 15.941544
43 61.534454 19.936673
44 61.337104 23.931801
45 61.139754 27.926930
46 60.942404 31.922059
47 60.745055 35.917187
48 60.547705 39.912316
49 60.350355 43.907445
50 60.153005 47.902573
51 60.112091 -20.182361
52 59.914742 -16.187233
53 59.717392 -12.192104
54 59.520042 -8.196975
55 59.322693 -4.201847
56 59.125343 -0.206718
57 58.927993 3.788411
58 58.730643 7.783539
59 58.533294 11.778668
60 58.335944 15.773797
61 58.138594 19.768925
62 57.941244 23.764054
63 57.743895 27.759183
64 57.546545 31.754311
TOUR_ORDER:
0 30 9 2 3 10 31 32 11 4 5 12 33 51 52 34 13 6 7 14 35 53 54 36 15 8 16 37 55 56 38 17 18 39 57 58 40 19 20 41 59 60 42 21 22 43 61 62 44 23 24 45 63 64 46 25 26 47 48 27 28 49 29 50 1
