# 第1块采样点
# 总点数: 89
# 索引0: 起点, 1: 退出点, 2+: 网格点
# 格式: 索引 X Y

0 72.000000 -109.000000
1 64.000000 -37.000000
2 71.249066 -40.664972
3 69.195039 -52.967044
4 68.753313 -48.991509
5 68.311587 -45.015974
6 67.869861 -41.040439
7 71.116548 -101.048930
8 70.674822 -97.073395
9 70.233096 -93.097860
10 69.791369 -89.122325
11 69.349643 -85.146790
12 68.907917 -81.171255
13 68.466191 -77.195720
14 68.024465 -73.220186
15 67.582739 -69.244651
16 67.141013 -65.269116
17 66.699287 -61.293581
18 66.257561 -57.318046
19 65.815835 -53.342511
20 65.374108 -49.366976
21 64.932382 -45.391441
22 64.490656 -41.415906
23 68.620795 -109.375467
24 68.179069 -105.399932
25 67.737343 -101.424397
26 67.295617 -97.448862
27 66.853891 -93.473327
28 66.412165 -89.497792
29 65.970439 -85.522258
30 65.528713 -81.546723
31 65.086986 -77.571188
32 64.645260 -73.595653
33 64.203534 -69.620118
34 63.761808 -65.644583
35 63.320082 -61.669048
36 62.878356 -57.693513
37 62.436630 -53.717978
38 61.994904 -49.742443
39 65.241591 -109.750934
40 64.799864 -105.775399
41 64.358138 -101.799864
42 63.916412 -97.824330
43 63.474686 -93.848795
44 63.032960 -89.873260
45 62.591234 -85.897725
46 62.149508 -81.922190
47 61.707782 -77.946655
48 61.266056 -73.971120
49 60.824330 -69.995585
50 60.382603 -66.020050
51 59.940877 -62.044515
52 59.499151 -58.068980
53 59.057425 -54.093445
54 61.862386 -110.126402
55 61.420660 -106.150867
56 60.978934 -102.175332
57 60.537208 -98.199797
58 60.095481 -94.224262
59 59.653755 -90.248727
60 57.445125 -70.371052
61 57.003399 -66.395517
62 56.561673 -62.419982
63 56.119947 -58.444447
64 54.065920 -70.746519
65 53.624194 -66.770984
66 53.182468 -62.795449
67 52.740742 -58.819915
68 50.244989 -67.146452
69 49.803263 -63.170917
70 46.865785 -67.521919
71 46.424059 -63.546384
72 43.486580 -67.897386
73 40.107375 -68.272853
74 36.728171 -68.648320
75 33.348966 -69.023788
76 29.969761 -69.399255
77 27.032283 -73.750257
78 26.590556 -69.774722
79 23.653078 -74.125724
80 23.211352 -70.150189
81 20.273873 -74.501191
82 19.832147 -70.525656
83 16.894668 -74.876658
84 16.452942 -70.901124
85 13.515464 -75.252126
86 13.073738 -71.276591
87 10.577985 -79.603128
88 10.136259 -75.627593
