BLOCK_NO: 5
POINTS: 197
COORDINATES:
0 128.000000 93.500000
1 108.000000 134.000000
2 154.943182 115.727572
3 153.172061 119.314092
4 151.400940 122.900613
5 153.665761 110.635598
6 151.894640 114.222119
7 150.123518 117.808639
8 148.352397 121.395160
9 146.581276 124.981680
10 154.159461 101.957104
11 152.388340 105.543624
12 150.617218 109.130145
13 148.846097 112.716666
14 147.074976 116.303186
15 145.303855 119.889707
16 143.532733 123.476227
17 141.761612 127.062748
18 139.990491 130.649268
19 151.110918 100.451651
20 149.339797 104.038171
21 147.568676 107.624692
22 145.797555 111.211212
23 144.026433 114.797733
24 142.255312 118.384254
25 140.484191 121.970774
26 138.713070 125.557295
27 136.941948 129.143815
28 149.833497 95.359677
29 148.062376 98.946198
30 146.291255 102.532718
31 144.520133 106.119239
32 142.749012 109.705759
33 140.977891 113.292280
34 139.206770 116.878800
35 137.435648 120.465321
36 135.664527 124.051842
37 133.893406 127.638362
38 132.122285 131.224883
39 146.784955 93.854224
40 145.013834 97.440745
41 143.242712 101.027265
42 141.471591 104.613786
43 139.700470 108.200306
44 137.929349 111.786827
45 136.158227 115.373347
46 134.387106 118.959868
47 132.615985 122.546388
48 130.844864 126.132909
49 129.073742 129.719430
50 141.965291 95.935292
51 140.194170 99.521812
52 138.423049 103.108333
53 136.651927 106.694853
54 134.880806 110.281374
55 133.109685 113.867894
56 131.338564 117.454415
57 129.567442 121.040935
58 127.796321 124.627456
59 126.025200 128.213976
60 124.254079 131.800497
61 138.916749 94.429839
62 137.145627 98.016359
63 135.374506 101.602880
64 133.603385 105.189400
65 131.832264 108.775921
66 130.061142 112.362441
67 128.290021 115.948962
68 126.518900 119.535482
69 124.747779 123.122003
70 122.976657 126.708523
71 121.205536 130.295044
72 135.868206 92.924386
73 134.097085 96.510906
74 132.325964 100.097427
75 130.554842 103.683947
76 128.783721 107.270468
77 127.012600 110.856988
78 125.241479 114.443509
79 123.470357 118.030029
80 121.699236 121.616550
81 119.928115 125.203070
82 118.156994 128.789591
83 116.385872 132.376111
84 131.048542 95.005453
85 129.277421 98.591974
86 127.506300 102.178494
87 125.735179 105.765015
88 123.964057 109.351535
89 122.192936 112.938056
90 120.421815 116.524576
91 118.650694 120.111097
92 116.879572 123.697617
93 115.108451 127.284138
94 113.337330 130.870658
95 126.228879 97.086521
96 124.457758 100.673041
97 122.686636 104.259562
98 120.915515 107.846082
99 119.144394 111.432603
100 117.373273 115.019123
101 115.602151 118.605644
102 113.831030 122.192164
103 112.059909 125.778685
104 110.288788 129.365205
105 108.517666 132.951726
106 119.638094 102.754109
107 117.866973 106.340629
108 116.095851 109.927150
109 114.324730 113.513670
110 112.553609 117.100191
111 110.782488 120.686711
112 109.011366 124.273232
113 107.240245 127.859752
114 105.469124 131.446273
115 114.818430 104.835176
116 113.047309 108.421697
117 111.276188 112.008217
118 109.505066 115.594738
119 107.733945 119.181258
120 105.962824 122.767779
121 104.191703 126.354299
122 102.420581 129.940820
123 109.998766 106.916243
124 108.227645 110.502764
125 106.456524 114.089285
126 104.685403 117.675805
127 102.914281 121.262326
128 101.143160 124.848846
129 99.372039 128.435367
130 97.600918 132.021887
131 106.950224 105.410790
132 105.179103 108.997311
133 103.407981 112.583831
134 101.636860 116.170352
135 99.865739 119.756873
136 98.094618 123.343393
137 96.323496 126.929914
138 94.552375 130.516434
139 102.130560 107.491858
140 100.359439 111.078378
141 98.588318 114.664899
142 96.817196 118.251419
143 95.046075 121.837940
144 93.274954 125.424461
145 91.503833 129.010981
146 89.732711 132.597502
147 99.082018 105.986405
148 97.310897 109.572925
149 95.539775 113.159446
150 93.768654 116.745966
151 91.997533 120.332487
152 90.226412 123.919007
153 88.455290 127.505528
154 86.684169 131.092049
155 96.033475 104.480952
156 94.262354 108.067472
157 92.491233 111.653993
158 90.720112 115.240513
159 88.948990 118.827034
160 87.177869 122.413554
161 85.406748 126.000075
162 83.635627 129.586595
163 92.984933 102.975499
164 91.213812 106.562019
165 89.442690 110.148540
166 87.671569 113.735060
167 85.900448 117.321581
168 84.129327 120.908101
169 82.358205 124.494622
170 80.587084 128.081142
171 89.936390 101.470046
172 88.165269 105.056566
173 86.394148 108.643087
174 84.623027 112.229607
175 82.851905 115.816128
176 81.080784 119.402648
177 79.309663 122.989169
178 77.538542 126.575689
179 86.887848 99.964593
180 85.116727 103.551113
181 83.345605 107.137634
182 81.574484 110.724154
183 79.803363 114.310675
184 78.032242 117.897195
185 76.261120 121.483716
186 82.068184 102.045660
187 80.297063 105.632181
188 78.525942 109.218701
189 76.754821 112.805222
190 74.983699 116.391742
191 73.212578 119.978263
192 79.019642 100.540207
193 77.248521 104.126727
194 75.477399 107.713248
195 73.706278 111.299769
196 71.935157 114.886289
TOUR_ORDER:
0 84 73 72 61 50 40 39 28 29 19 10 11 20 30 41 51 62 63 52 42 31 21 12 5 2 6 13 22 32 43 53 64 75 74 85 95 96 86 87 76 65 54 44 33 23 14 7 3 4 8 15 24 34 45 55 66 77 88 98 97 106 107 115 116 108 99 89 78 67 56 46 35 25 16 9 17 18 27 26 36 47 57 68 79 90 100 109 117 124 123 131 132 139 147 155 163 171 179 180 172 164 156 148 140 133 125 118 110 101 91 80 69 58 48 37 38 49 59 60 71 70 81 92 102 111 119 126 134 141 149 157 165 173 181 187 186 192 193 194 188 182 174 166 158 150 142 135 127 120 112 103 93 82 83 94 104 113 121 128 136 143 151 159 167 175 183 189 195 196 190 191 185 184 176 168 160 152 153 161 169 177 178 170 162 154 146 145 144 137 138 130 129 122 114 105 1
