# 第34块采样点
# 总点数: 137
# 索引0: 起点, 1: 退出点, 2+: 网格点
# 格式: 索引 X Y

0 -211.714286 191.000000
1 -264.000000 161.000000
2 -285.838597 191.588672
3 -245.982383 210.537081
4 -249.451850 208.546403
5 -252.921317 206.555725
6 -273.738119 194.611658
7 -277.207586 192.620981
8 -280.677053 190.630303
9 -284.146520 188.639625
10 -287.615988 186.648947
11 -244.290306 207.588034
12 -247.759774 205.597356
13 -251.229241 203.606678
14 -254.698708 201.616000
15 -258.168175 199.625323
16 -261.637642 197.634645
17 -265.107109 195.643967
18 -268.576576 193.653289
19 -272.046043 191.662611
20 -275.515510 189.671934
21 -278.984977 187.681256
22 -282.454444 185.690578
23 -285.923911 183.699900
24 -242.598230 204.638987
25 -246.067697 202.648309
26 -249.537164 200.657631
27 -253.006632 198.666953
28 -256.476099 196.676276
29 -259.945566 194.685598
30 -263.415033 192.694920
31 -266.884500 190.704242
32 -270.353967 188.713564
33 -273.823434 186.722886
34 -277.292901 184.732209
35 -280.762368 182.741531
36 -284.231835 180.750853
37 -240.906154 201.689940
38 -244.375621 199.699262
39 -247.845088 197.708584
40 -251.314555 195.717906
41 -254.784022 193.727229
42 -258.253490 191.736551
43 -261.722957 189.745873
44 -265.192424 187.755195
45 -268.661891 185.764517
46 -272.131358 183.773839
47 -275.600825 181.783162
48 -279.070292 179.792484
49 -282.539759 177.801806
50 -242.683545 196.750215
51 -246.153012 194.759537
52 -249.622479 192.768859
53 -253.091946 190.778182
54 -256.561413 188.787504
55 -260.030880 186.796826
56 -263.500348 184.806148
57 -266.969815 182.815470
58 -270.439282 180.824792
59 -273.908749 178.834115
60 -277.378216 176.843437
61 -280.847683 174.852759
62 -240.991469 193.801168
63 -244.460936 191.810490
64 -247.930403 189.819812
65 -251.399870 187.829135
66 -254.869337 185.838457
67 -258.338804 183.847779
68 -261.808271 181.857101
69 -265.277738 179.866423
70 -268.747206 177.875745
71 -272.216673 175.885068
72 -275.686140 173.894390
73 -242.768860 188.861443
74 -246.238327 186.870765
75 -249.707794 184.880088
76 -253.177261 182.889410
77 -256.646728 180.898732
78 -260.116195 178.908054
79 -263.585662 176.917376
80 -267.055129 174.926698
81 -270.524596 172.936021
82 -273.994064 170.945343
83 -241.076784 185.912396
84 -244.546251 183.921718
85 -248.015718 181.931041
86 -251.485185 179.940363
87 -254.954652 177.949685
88 -258.424119 175.959007
89 -261.893586 173.968329
90 -265.363053 171.977651
91 -268.832520 169.986974
92 -272.301987 167.996296
93 -239.384708 182.963349
94 -242.854175 180.972671
95 -246.323642 178.981994
96 -249.793109 176.991316
97 -253.262576 175.000638
98 -256.732043 173.009960
99 -260.201510 171.019282
100 -263.670977 169.028604
101 -267.140444 167.037927
102 -270.609911 165.047249
103 -216.875829 191.958369
104 -220.345296 189.967691
105 -223.814763 187.977014
106 -227.284230 185.986336
107 -230.753697 183.995658
108 -234.223164 182.004980
109 -237.692631 180.014302
110 -241.162098 178.023624
111 -244.631566 176.032947
112 -248.101033 174.042269
113 -251.570500 172.051591
114 -255.039967 170.060913
115 -258.509434 168.070235
116 -261.978901 166.079557
117 -265.448368 164.088880
118 -215.183753 189.009322
119 -218.653220 187.018644
120 -222.122687 185.027967
121 -225.592154 183.037289
122 -229.061621 181.046611
123 -232.531088 179.055933
124 -236.000555 177.065255
125 -239.470022 175.074577
126 -242.939489 173.083900
127 -246.408956 171.093222
128 -249.878424 169.102544
129 -253.347891 167.111866
130 -256.817358 165.121188
131 -260.286825 163.130510
132 -213.491677 186.060275
133 -216.961144 184.069597
134 -248.186347 166.153497
135 -251.655814 164.162819
136 -255.125282 162.172141
