0 21089 32869 34531 29729 31557 33762 36275 26654 28678 31088 33800 36748 21913 23668 25926 28569 31499 34643 18788 20809 23345 26249 29411 32757 15778 18137 20999 24186 27586 10956 12963 15749 18975 22451 26078 7889 10500 13793 17385 21124 24945 5250 8693 12472 16357 20287 4000 8000 12000 16000 20000 5250 8693 12472 16357 10500 13793 17385
21089 0 31921 31020 28678 27672 27222 27355 25476 24338 23825 23977 24783 24238 22333 21025 20429 20607 21539 21455 19277 17745 17035 17247 18351 18875 16357 14521 13644 13908 19901 16594 13662 11399 10258 10607 18392 14750 11351 8493 6887 7397 17424 13523 9704 6120 3570 17089 13089 9089 5089 1089 17424 13523 9704 6120 14750 11351 8493
32869 31921 0 4000 3400 5250 8693 12472 6800 7889 10500 13793 17385 10956 10200 10956 12963 15749 18975 14176 13600 14176 15778 18137 20999 17464 17000 17464 18788 20809 21913 20788 20400 20788 21913 23668 25109 24134 23800 24134 25109 26654 28352 27493 27200 27493 28352 31628 30860 30600 30860 31628 34928 34234 34000 34234 37613 37400 37613
34531 31020 4000 0 5250 3400 5250 8693 7889 6800 7889 10500 13793 12963 10956 10200 10956 12963 15749 15778 14176 13600 14176 15778 18137 18788 17464 17000 17464 18788 23668 21913 20788 20400 20788 21913 26654 25109 24134 23800 24134 25109 29729 28352 27493 27200 27493 32869 31628 30860 30600 30860 36056 34928 34234 34000 38246 37613 37400
29729 28678 3400 5250 0 4000 8000 12000 3400 5250 8693 12472 16357 7889 6800 7889 10500 13793 17385 10956 10200 10956 12963 15749 18975 14176 13600 14176 15778 18137 18788 17464 17000 17464 18788 20809 21913 20788 20400 20788 21913 23668 25109 24134 23800 24134 25109 28352 27493 27200 27493 28352 31628 30860 30600 30860 34234 34000 34234
31557 27672 5250 3400 4000 0 4000 8000 5250 3400 5250 8693 12472 10500 7889 6800 7889 10500 13793 12963 10956 10200 10956 12963 15749 15778 14176 13600 14176 15778 20809 18788 17464 17000 17464 18788 23668 21913 20788 20400 20788 21913 26654 25109 24134 23800 24134 29729 28352 27493 27200 27493 32869 31628 30860 30600 34928 34234 34000
33762 27222 8693 5250 8000 4000 0 4000 8693 5250 3400 5250 8693 13793 10500 7889 6800 7889 10500 15749 12963 10956 10200 10956 12963 18137 15778 14176 13600 14176 23345 20809 18788 17464 17000 17464 25926 23668 21913 20788 20400 20788 28678 26654 25109 24134 23800 31557 29729 28352 27493 27200 34531 32869 31628 30860 36056 34928 34234
36275 27355 12472 8693 12000 8000 4000 0 12472 8693 5250 3400 5250 17385 13793 10500 7889 6800 7889 18975 15749 12963 10956 10200 10956 20999 18137 15778 14176 13600 26249 23345 20809 18788 17464 17000 28569 25926 23668 21913 20788 20400 31088 28678 26654 25109 24134 33762 31557 29729 28352 27493 36556 34531 32869 31628 37577 36056 34928
26654 25476 6800 7889 3400 5250 8693 12472 0 4000 8000 12000 16000 5250 3400 5250 8693 12472 16357 7889 6800 7889 10500 13793 17385 10956 10200 10956 12963 15749 15778 14176 13600 14176 15778 18137 18788 17464 17000 17464 18788 20809 21913 20788 20400 20788 21913 25109 24134 23800 24134 25109 28352 27493 27200 27493 30860 30600 30860
28678 24338 7889 6800 5250 3400 5250 8693 4000 0 4000 8000 12000 8693 5250 3400 5250 8693 12472 10500 7889 6800 7889 10500 13793 12963 10956 10200 10956 12963 18137 15778 14176 13600 14176 15778 20809 18788 17464 17000 17464 18788 23668 21913 20788 20400 20788 26654 25109 24134 23800 24134 29729 28352 27493 27200 31628 30860 30600
31088 23825 10500 7889 8693 5250 3400 5250 8000 4000 0 4000 8000 12472 8693 5250 3400 5250 8693 13793 10500 7889 6800 7889 10500 15749 12963 10956 10200 10956 20999 18137 15778 14176 13600 14176 23345 20809 18788 17464 17000 17464 25926 23668 21913 20788 20400 28678 26654 25109 24134 23800 31557 29729 28352 27493 32869 31628 30860
33800 23977 13793 10500 12472 8693 5250 3400 12000 8000 4000 0 4000 16357 12472 8693 5250 3400 5250 17385 13793 10500 7889 6800 7889 18975 15749 12963 10956 10200 24186 20999 18137 15778 14176 13600 26249 23345 20809 18788 17464 17000 28569 25926 23668 21913 20788 31088 28678 26654 25109 24134 33762 31557 29729 28352 34531 32869 31628
36748 24783 17385 13793 16357 12472 8693 5250 16000 12000 8000 4000 0 20287 16357 12472 8693 5250 3400 21124 17385 13793 10500 7889 6800 22451 18975 15749 12963 10956 27586 24186 20999 18137 15778 14176 29411 26249 23345 20809 18788 17464 31499 28569 25926 23668 21913 33800 31088 28678 26654 25109 36275 33762 31557 29729 36556 34531 32869
21913 24238 10956 12963 7889 10500 13793 17385 5250 8693 12472 16357 20287 0 4000 8000 12000 16000 20000 3400 5250 8693 12472 16357 20287 6800 7889 10500 13793 17385 10956 10200 10956 12963 15749 18975 14176 13600 14176 15778 18137 20999 17464 17000 17464 18788 20809 20788 20400 20788 21913 23668 24134 23800 24134 25109 27200 27493 28352
23668 22333 10200 10956 6800 7889 10500 13793 3400 5250 8693 12472 16357 4000 0 4000 8000 12000 16000 5250 3400 5250 8693 12472 16357 7889 6800 7889 10500 13793 12963 10956 10200 10956 12963 15749 15778 14176 13600 14176 15778 18137 18788 17464 17000 17464 18788 21913 20788 20400 20788 21913 25109 24134 23800 24134 27493 27200 27493
25926 21025 10956 10200 7889 6800 7889 10500 5250 3400 5250 8693 12472 8000 4000 0 4000 8000 12000 8693 5250 3400 5250 8693 12472 10500 7889 6800 7889 10500 15749 12963 10956 10200 10956 12963 18137 15778 14176 13600 14176 15778 20809 18788 17464 17000 17464 23668 21913 20788 20400 20788 26654 25109 24134 23800 28352 27493 27200
28569 20429 12963 10956 10500 7889 6800 7889 8693 5250 3400 5250 8693 12000 8000 4000 0 4000 8000 12472 8693 5250 3400 5250 8693 13793 10500 7889 6800 7889 18975 15749 12963 10956 10200 10956 20999 18137 15778 14176 13600 14176 23345 20809 18788 17464 17000 25926 23668 21913 20788 20400 28678 26654 25109 24134 29729 28352 27493
31499 20607 15749 12963 13793 10500 7889 6800 12472 8693 5250 3400 5250 16000 12000 8000 4000 0 4000 16357 12472 8693 5250 3400 5250 17385 13793 10500 7889 6800 22451 18975 15749 12963 10956 10200 24186 20999 18137 15778 14176 13600 26249 23345 20809 18788 17464 28569 25926 23668 21913 20788 31088 28678 26654 25109 31557 29729 28352
34643 21539 18975 15749 17385 13793 10500 7889 16357 12472 8693 5250 3400 20000 16000 12000 8000 4000 0 20287 16357 12472 8693 5250 3400 21124 17385 13793 10500 7889 26078 22451 18975 15749 12963 10956 27586 24186 20999 18137 15778 14176 29411 26249 23345 20809 18788 31499 28569 25926 23668 21913 33800 31088 28678 26654 33762 31557 29729
18788 21455 14176 15778 10956 12963 15749 18975 7889 10500 13793 17385 21124 3400 5250 8693 12472 16357 20287 0 4000 8000 12000 16000 20000 3400 5250 8693 12472 16357 7889 6800 7889 10500 13793 17385 10956 10200 10956 12963 15749 18975 14176 13600 14176 15778 18137 17464 17000 17464 18788 20809 20788 20400 20788 21913 23800 24134 25109
20809 19277 13600 14176 10200 10956 12963 15749 6800 7889 10500 13793 17385 5250 3400 5250 8693 12472 16357 4000 0 4000 8000 12000 16000 5250 3400 5250 8693 12472 10500 7889 6800 7889 10500 13793 12963 10956 10200 10956 12963 15749 15778 14176 13600 14176 15778 18788 17464 17000 17464 18788 21913 20788 20400 20788 24134 23800 24134
23345 17745 14176 13600 10956 10200 10956 12963 7889 6800 7889 10500 13793 8693 5250 3400 5250 8693 12472 8000 4000 0 4000 8000 12000 8693 5250 3400 5250 8693 13793 10500 7889 6800 7889 10500 15749 12963 10956 10200 10956 12963 18137 15778 14176 13600 14176 20809 18788 17464 17000 17464 23668 21913 20788 20400 25109 24134 23800
26249 17035 15778 14176 12963 10956 10200 10956 10500 7889 6800 7889 10500 12472 8693 5250 3400 5250 8693 12000 8000 4000 0 4000 8000 12472 8693 5250 3400 5250 17385 13793 10500 7889 6800 7889 18975 15749 12963 10956 10200 10956 20999 18137 15778 14176 13600 23345 20809 18788 17464 17000 25926 23668 21913 20788 26654 25109 24134
29411 17247 18137 15778 15749 12963 10956 10200 13793 10500 7889 6800 7889 16357 12472 8693 5250 3400 5250 16000 12000 8000 4000 0 4000 16357 12472 8693 5250 3400 21124 17385 13793 10500 7889 6800 22451 18975 15749 12963 10956 10200 24186 20999 18137 15778 14176 26249 23345 20809 18788 17464 28569 25926 23668 21913 28678 26654 25109
32757 18351 20999 18137 18975 15749 12963 10956 17385 13793 10500 7889 6800 20287 16357 12472 8693 5250 3400 20000 16000 12000 8000 4000 0 20287 16357 12472 8693 5250 24945 21124 17385 13793 10500 7889 26078 22451 18975 15749 12963 10956 27586 24186 20999 18137 15778 29411 26249 23345 20809 18788 31499 28569 25926 23668 31088 28678 26654
15778 18875 17464 18788 14176 15778 18137 20999 10956 12963 15749 18975 22451 6800 7889 10500 13793 17385 21124 3400 5250 8693 12472 16357 20287 0 4000 8000 12000 16000 5250 3400 5250 8693 12472 16357 7889 6800 7889 10500 13793 17385 10956 10200 10956 12963 15749 14176 13600 14176 15778 18137 17464 17000 17464 18788 20400 20788 21913
18137 16357 17000 17464 13600 14176 15778 18137 10200 10956 12963 15749 18975 7889 6800 7889 10500 13793 17385 5250 3400 5250 8693 12472 16357 4000 0 4000 8000 12000 8693 5250 3400 5250 8693 12472 10500 7889 6800 7889 10500 13793 12963 10956 10200 10956 12963 15778 14176 13600 14176 15778 18788 17464 17000 17464 20788 20400 20788
20999 14521 17464 17000 14176 13600 14176 15778 10956 10200 10956 12963 15749 10500 7889 6800 7889 10500 13793 8693 5250 3400 5250 8693 12472 8000 4000 0 4000 8000 12472 8693 5250 3400 5250 8693 13793 10500 7889 6800 7889 10500 15749 12963 10956 10200 10956 18137 15778 14176 13600 14176 20809 18788 17464 17000 21913 20788 20400
24186 13644 18788 17464 15778 14176 13600 14176 12963 10956 10200 10956 12963 13793 10500 7889 6800 7889 10500 12472 8693 5250 3400 5250 8693 12000 8000 4000 0 4000 16357 12472 8693 5250 3400 5250 17385 13793 10500 7889 6800 7889 18975 15749 12963 10956 10200 20999 18137 15778 14176 13600 23345 20809 18788 17464 23668 21913 20788
27586 13908 20809 18788 18137 15778 14176 13600 15749 12963 10956 10200 10956 17385 13793 10500 7889 6800 7889 16357 12472 8693 5250 3400 5250 16000 12000 8000 4000 0 20287 16357 12472 8693 5250 3400 21124 17385 13793 10500 7889 6800 22451 18975 15749 12963 10956 24186 20999 18137 15778 14176 26249 23345 20809 18788 25926 23668 21913
10956 19901 21913 23668 18788 20809 23345 26249 15778 18137 20999 24186 27586 10956 12963 15749 18975 22451 26078 7889 10500 13793 17385 21124 24945 5250 8693 12472 16357 20287 0 4000 8000 12000 16000 20000 3400 5250 8693 12472 16357 20287 6800 7889 10500 13793 17385 10200 10956 12963 15749 18975 13600 14176 15778 18137 17464 18788 20809
12963 16594 20788 21913 17464 18788 20809 23345 14176 15778 18137 20999 24186 10200 10956 12963 15749 18975 22451 6800 7889 10500 13793 17385 21124 3400 5250 8693 12472 16357 4000 0 4000 8000 12000 16000 5250 3400 5250 8693 12472 16357 7889 6800 7889 10500 13793 10956 10200 10956 12963 15749 14176 13600 14176 15778 17000 17464 18788
15749 13662 20400 20788 17000 17464 18788 20809 13600 14176 15778 18137 20999 10956 10200 10956 12963 15749 18975 7889 6800 7889 10500 13793 17385 5250 3400 5250 8693 12472 8000 4000 0 4000 8000 12000 8693 5250 3400 5250 8693 12472 10500 7889 6800 7889 10500 12963 10956 10200 10956 12963 15778 14176 13600 14176 17464 17000 17464
18975 11399 20788 20400 17464 17000 17464 18788 14176 13600 14176 15778 18137 12963 10956 10200 10956 12963 15749 10500 7889 6800 7889 10500 13793 8693 5250 3400 5250 8693 12000 8000 4000 0 4000 8000 12472 8693 5250 3400 5250 8693 13793 10500 7889 6800 7889 15749 12963 10956 10200 10956 18137 15778 14176 13600 18788 17464 17000
22451 10258 21913 20788 18788 17464 17000 17464 15778 14176 13600 14176 15778 15749 12963 10956 10200 10956 12963 13793 10500 7889 6800 7889 10500 12472 8693 5250 3400 5250 16000 12000 8000 4000 0 4000 16357 12472 8693 5250 3400 5250 17385 13793 10500 7889 6800 18975 15749 12963 10956 10200 20999 18137 15778 14176 20809 18788 17464
26078 10607 23668 21913 20809 18788 17464 17000 18137 15778 14176 13600 14176 18975 15749 12963 10956 10200 10956 17385 13793 10500 7889 6800 7889 16357 12472 8693 5250 3400 20000 16000 12000 8000 4000 0 20287 16357 12472 8693 5250 3400 21124 17385 13793 10500 7889 22451 18975 15749 12963 10956 24186 20999 18137 15778 23345 20809 18788
7889 18392 25109 26654 21913 23668 25926 28569 18788 20809 23345 26249 29411 14176 15778 18137 20999 24186 27586 10956 12963 15749 18975 22451 26078 7889 10500 13793 17385 21124 3400 5250 8693 12472 16357 20287 0 4000 8000 12000 16000 20000 3400 5250 8693 12472 16357 6800 7889 10500 13793 17385 10200 10956 12963 15749 14176 15778 18137
10500 14750 24134 25109 20788 21913 23668 25926 17464 18788 20809 23345 26249 13600 14176 15778 18137 20999 24186 10200 10956 12963 15749 18975 22451 6800 7889 10500 13793 17385 5250 3400 5250 8693 12472 16357 4000 0 4000 8000 12000 16000 5250 3400 5250 8693 12472 7889 6800 7889 10500 13793 10956 10200 10956 12963 13600 14176 15778
13793 11351 23800 24134 20400 20788 21913 23668 17000 17464 18788 20809 23345 14176 13600 14176 15778 18137 20999 10956 10200 10956 12963 15749 18975 7889 6800 7889 10500 13793 8693 5250 3400 5250 8693 12472 8000 4000 0 4000 8000 12000 8693 5250 3400 5250 8693 10500 7889 6800 7889 10500 12963 10956 10200 10956 14176 13600 14176
17385 8493 24134 23800 20788 20400 20788 21913 17464 17000 17464 18788 20809 15778 14176 13600 14176 15778 18137 12963 10956 10200 10956 12963 15749 10500 7889 6800 7889 10500 12472 8693 5250 3400 5250 8693 12000 8000 4000 0 4000 8000 12472 8693 5250 3400 5250 13793 10500 7889 6800 7889 15749 12963 10956 10200 15778 14176 13600
21124 6887 25109 24134 21913 20788 20400 20788 18788 17464 17000 17464 18788 18137 15778 14176 13600 14176 15778 15749 12963 10956 10200 10956 12963 13793 10500 7889 6800 7889 16357 12472 8693 5250 3400 5250 16000 12000 8000 4000 0 4000 16357 12472 8693 5250 3400 17385 13793 10500 7889 6800 18975 15749 12963 10956 18137 15778 14176
24945 7397 26654 25109 23668 21913 20788 20400 20809 18788 17464 17000 17464 20999 18137 15778 14176 13600 14176 18975 15749 12963 10956 10200 10956 17385 13793 10500 7889 6800 20287 16357 12472 8693 5250 3400 20000 16000 12000 8000 4000 0 20287 16357 12472 8693 5250 21124 17385 13793 10500 7889 22451 18975 15749 12963 20999 18137 15778
5250 17424 28352 29729 25109 26654 28678 31088 21913 23668 25926 28569 31499 17464 18788 20809 23345 26249 29411 14176 15778 18137 20999 24186 27586 10956 12963 15749 18975 22451 6800 7889 10500 13793 17385 21124 3400 5250 8693 12472 16357 20287 0 4000 8000 12000 16000 3400 5250 8693 12472 16357 6800 7889 10500 13793 10956 12963 15749
8693 13523 27493 28352 24134 25109 26654 28678 20788 21913 23668 25926 28569 17000 17464 18788 20809 23345 26249 13600 14176 15778 18137 20999 24186 10200 10956 12963 15749 18975 7889 6800 7889 10500 13793 17385 5250 3400 5250 8693 12472 16357 4000 0 4000 8000 12000 5250 3400 5250 8693 12472 7889 6800 7889 10500 10200 10956 12963
12472 9704 27200 27493 23800 24134 25109 26654 20400 20788 21913 23668 25926 17464 17000 17464 18788 20809 23345 14176 13600 14176 15778 18137 20999 10956 10200 10956 12963 15749 10500 7889 6800 7889 10500 13793 8693 5250 3400 5250 8693 12472 8000 4000 0 4000 8000 8693 5250 3400 5250 8693 10500 7889 6800 7889 10956 10200 10956
16357 6120 27493 27200 24134 23800 24134 25109 20788 20400 20788 21913 23668 18788 17464 17000 17464 18788 20809 15778 14176 13600 14176 15778 18137 12963 10956 10200 10956 12963 13793 10500 7889 6800 7889 10500 12472 8693 5250 3400 5250 8693 12000 8000 4000 0 4000 12472 8693 5250 3400 5250 13793 10500 7889 6800 12963 10956 10200
20287 3570 28352 27493 25109 24134 23800 24134 21913 20788 20400 20788 21913 20809 18788 17464 17000 17464 18788 18137 15778 14176 13600 14176 15778 15749 12963 10956 10200 10956 17385 13793 10500 7889 6800 7889 16357 12472 8693 5250 3400 5250 16000 12000 8000 4000 0 16357 12472 8693 5250 3400 17385 13793 10500 7889 15749 12963 10956
4000 17089 31628 32869 28352 29729 31557 33762 25109 26654 28678 31088 33800 20788 21913 23668 25926 28569 31499 17464 18788 20809 23345 26249 29411 14176 15778 18137 20999 24186 10200 10956 12963 15749 18975 22451 6800 7889 10500 13793 17385 21124 3400 5250 8693 12472 16357 0 4000 8000 12000 16000 3400 5250 8693 12472 7889 10500 13793
8000 13089 30860 31628 27493 28352 29729 31557 24134 25109 26654 28678 31088 20400 20788 21913 23668 25926 28569 17000 17464 18788 20809 23345 26249 13600 14176 15778 18137 20999 10956 10200 10956 12963 15749 18975 7889 6800 7889 10500 13793 17385 5250 3400 5250 8693 12472 4000 0 4000 8000 12000 5250 3400 5250 8693 6800 7889 10500
12000 9089 30600 30860 27200 27493 28352 29729 23800 24134 25109 26654 28678 20788 20400 20788 21913 23668 25926 17464 17000 17464 18788 20809 23345 14176 13600 14176 15778 18137 12963 10956 10200 10956 12963 15749 10500 7889 6800 7889 10500 13793 8693 5250 3400 5250 8693 8000 4000 0 4000 8000 8693 5250 3400 5250 7889 6800 7889
16000 5089 30860 30600 27493 27200 27493 28352 24134 23800 24134 25109 26654 21913 20788 20400 20788 21913 23668 18788 17464 17000 17464 18788 20809 15778 14176 13600 14176 15778 15749 12963 10956 10200 10956 12963 13793 10500 7889 6800 7889 10500 12472 8693 5250 3400 5250 12000 8000 4000 0 4000 12472 8693 5250 3400 10500 7889 6800
20000 1089 31628 30860 28352 27493 27200 27493 25109 24134 23800 24134 25109 23668 21913 20788 20400 20788 21913 20809 18788 17464 17000 17464 18788 18137 15778 14176 13600 14176 18975 15749 12963 10956 10200 10956 17385 13793 10500 7889 6800 7889 16357 12472 8693 5250 3400 16000 12000 8000 4000 0 16357 12472 8693 5250 13793 10500 7889
5250 17424 34928 36056 31628 32869 34531 36556 28352 29729 31557 33762 36275 24134 25109 26654 28678 31088 33800 20788 21913 23668 25926 28569 31499 17464 18788 20809 23345 26249 13600 14176 15778 18137 20999 24186 10200 10956 12963 15749 18975 22451 6800 7889 10500 13793 17385 3400 5250 8693 12472 16357 0 4000 8000 12000 5250 8693 12472
8693 13523 34234 34928 30860 31628 32869 34531 27493 28352 29729 31557 33762 23800 24134 25109 26654 28678 31088 20400 20788 21913 23668 25926 28569 17000 17464 18788 20809 23345 14176 13600 14176 15778 18137 20999 10956 10200 10956 12963 15749 18975 7889 6800 7889 10500 13793 5250 3400 5250 8693 12472 4000 0 4000 8000 3400 5250 8693
12472 9704 34000 34234 30600 30860 31628 32869 27200 27493 28352 29729 31557 24134 23800 24134 25109 26654 28678 20788 20400 20788 21913 23668 25926 17464 17000 17464 18788 20809 15778 14176 13600 14176 15778 18137 12963 10956 10200 10956 12963 15749 10500 7889 6800 7889 10500 8693 5250 3400 5250 8693 8000 4000 0 4000 5250 3400 5250
16357 6120 34234 34000 30860 30600 30860 31628 27493 27200 27493 28352 29729 25109 24134 23800 24134 25109 26654 21913 20788 20400 20788 21913 23668 18788 17464 17000 17464 18788 18137 15778 14176 13600 14176 15778 15749 12963 10956 10200 10956 12963 13793 10500 7889 6800 7889 12472 8693 5250 3400 5250 12000 8000 4000 0 8693 5250 3400
10500 14750 37613 38246 34234 34928 36056 37577 30860 31628 32869 34531 36556 27200 27493 28352 29729 31557 33762 23800 24134 25109 26654 28678 31088 20400 20788 21913 23668 25926 17464 17000 17464 18788 20809 23345 14176 13600 14176 15778 18137 20999 10956 10200 10956 12963 15749 7889 6800 7889 10500 13793 5250 3400 5250 8693 0 4000 8000
13793 11351 37400 37613 34000 34234 34928 36056 30600 30860 31628 32869 34531 27493 27200 27493 28352 29729 31557 24134 23800 24134 25109 26654 28678 20788 20400 20788 21913 23668 18788 17464 17000 17464 18788 20809 15778 14176 13600 14176 15778 18137 12963 10956 10200 10956 12963 10500 7889 6800 7889 10500 8693 5250 3400 5250 4000 0 4000
17385 8493 37613 37400 34234 34000 34234 34928 30860 30600 30860 31628 32869 28352 27493 27200 27493 28352 29729 25109 24134 23800 24134 25109 26654 21913 20788 20400 20788 21913 20809 18788 17464 17000 17464 18788 18137 15778 14176 13600 14176 15778 15749 12963 10956 10200 10956 13793 10500 7889 6800 7889 12472 8693 5250 3400 8000 4000 0
