# 第44块采样点
# 总点数: 114
# 索引0: 起点, 1: 退出点, 2+: 网格点
# 格式: 索引 X Y

0 -216.000000 -151.857143
1 -200.000000 -153.000000
2 -208.020330 -152.427119
3 -231.717099 -147.325830
4 -227.727264 -147.610819
5 -223.737430 -147.895807
6 -219.747595 -148.180795
7 -215.757760 -148.465783
8 -211.767925 -148.750771
9 -207.778090 -149.035760
10 -203.788256 -149.320748
11 -231.474859 -143.934471
12 -227.485024 -144.219459
13 -223.495190 -144.504447
14 -219.505355 -144.789435
15 -215.515520 -145.074424
16 -211.525685 -145.359412
17 -207.535850 -145.644400
18 -203.546016 -145.929388
19 -231.232619 -140.543111
20 -227.242784 -140.828100
21 -223.252950 -141.113088
22 -219.263115 -141.398076
23 -215.273280 -141.683064
24 -211.283445 -141.968052
25 -207.293610 -142.253041
26 -203.303776 -142.538029
27 -230.990379 -137.151752
28 -227.000545 -137.436740
29 -223.010710 -137.721728
30 -219.020875 -138.006716
31 -215.031040 -138.291705
32 -211.041205 -138.576693
33 -207.051371 -138.861681
34 -203.061536 -139.146669
35 -230.748139 -133.760392
36 -226.758305 -134.045380
37 -222.768470 -134.330369
38 -218.778635 -134.615357
39 -214.788800 -134.900345
40 -210.798965 -135.185333
41 -206.809131 -135.470321
42 -202.819296 -135.755310
43 -230.505899 -130.369033
44 -226.516065 -130.654021
45 -222.526230 -130.939009
46 -218.536395 -131.223997
47 -214.546560 -131.508985
48 -210.556725 -131.793974
49 -206.566891 -132.078962
50 -202.577056 -132.363950
51 -230.263659 -126.977673
52 -226.273825 -127.262661
53 -222.283990 -127.547649
54 -218.294155 -127.832638
55 -214.304320 -128.117626
56 -210.314485 -128.402614
57 -206.324651 -128.687602
58 -202.334816 -128.972590
59 -198.344981 -129.257579
60 -230.021419 -123.586313
61 -226.031585 -123.871302
62 -222.041750 -124.156290
63 -218.051915 -124.441278
64 -214.062080 -124.726266
65 -210.072245 -125.011254
66 -206.082411 -125.296243
67 -202.092576 -125.581231
68 -198.102741 -125.866219
69 -229.779179 -120.194954
70 -225.789345 -120.479942
71 -221.799510 -120.764930
72 -217.809675 -121.049918
73 -213.819840 -121.334907
74 -209.830005 -121.619895
75 -205.840171 -121.904883
76 -201.850336 -122.189871
77 -197.860501 -122.474859
78 -229.536939 -116.803594
79 -225.547105 -117.088582
80 -221.557270 -117.373571
81 -217.567435 -117.658559
82 -213.577600 -117.943547
83 -209.587766 -118.228535
84 -205.597931 -118.513523
85 -201.608096 -118.798512
86 -197.618261 -119.083500
87 -229.294700 -113.412235
88 -225.304865 -113.697223
89 -221.315030 -113.982211
90 -217.325195 -114.267199
91 -213.335360 -114.552187
92 -209.345526 -114.837176
93 -205.355691 -115.122164
94 -201.365856 -115.407152
95 -197.376021 -115.692140
96 -225.062625 -110.305863
97 -221.072790 -110.590852
98 -217.082955 -110.875840
99 -213.093120 -111.160828
100 -209.103286 -111.445816
101 -205.113451 -111.730804
102 -201.123616 -112.015793
103 -224.820385 -106.914504
104 -220.830550 -107.199492
105 -216.840715 -107.484480
106 -212.850880 -107.769468
107 -208.861046 -108.054457
108 -204.871211 -108.339445
109 -224.578145 -103.523144
110 -220.588310 -103.808132
111 -216.598475 -104.093121
112 -212.608640 -104.378109
113 -208.618806 -104.663097
