BLOCK_NO: 48
POINTS: 59
COORDINATES:
0 -94.666667 -215.666667
1 -52.000000 -193.000000
2 -86.348820 -222.797826
3 -87.943948 -219.795233
4 -84.411485 -217.918612
5 -56.151782 -202.905645
6 -89.539076 -216.792639
7 -86.006613 -214.916018
8 -82.474150 -213.039397
9 -78.941687 -211.162776
10 -75.409225 -209.286156
11 -71.876762 -207.409535
12 -68.344299 -205.532914
13 -64.811836 -203.656293
14 -61.279373 -201.779672
15 -57.746910 -199.903051
16 -54.214447 -198.026430
17 -50.681984 -196.149809
18 -91.134204 -213.790046
19 -87.601741 -211.913425
20 -84.069278 -210.036804
21 -80.536815 -208.160183
22 -77.004352 -206.283562
23 -73.471889 -204.406941
24 -69.939427 -202.530320
25 -66.406964 -200.653699
26 -62.874501 -198.777079
27 -59.342038 -196.900458
28 -55.809575 -195.023837
29 -92.729332 -210.787452
30 -89.196869 -208.910831
31 -85.664406 -207.034211
32 -82.131943 -205.157590
33 -78.599480 -203.280969
34 -75.067017 -201.404348
35 -71.534554 -199.527727
36 -68.002091 -197.651106
37 -64.469629 -195.774485
38 -60.937166 -193.897864
39 -94.324459 -207.784859
40 -90.791996 -205.908238
41 -87.259534 -204.031617
42 -83.727071 -202.154996
43 -80.194608 -200.278375
44 -76.662145 -198.401754
45 -73.129682 -196.525133
46 -69.597219 -194.648513
47 -95.919587 -204.782265
48 -92.387124 -202.905645
49 -88.854661 -201.029024
50 -85.322198 -199.152403
51 -81.789736 -197.275782
52 -78.257273 -195.399161
53 -97.514715 -201.779672
54 -93.982252 -199.903051
55 -90.449789 -198.026430
56 -86.917326 -196.149809
57 -99.109843 -198.777079
58 -95.577380 -196.900458
TOUR_ORDER:
0 18 29 39 47 53 57 58 54 48 40 30 19 7 6 3 2 4 8 20 31 41 49 55 56 50 42 32 21 9 10 22 33 43 51 52 44 34 23 11 12 24 35 45 46 36 25 13 14 26 37 38 27 15 5 16 28 17 1
