0 26420 26654 28678 31088 33800 20788 21913 23668 25926 28569 31499 34643 17000 17464 18788 20809 23345 26249 29411 32757 14176 13600 14176 15778 18137 20999 24186 27586 31128 10956 10200 10956 12963 15749 18975 22451 26078 29800 6800 7889 10500 13793 17385 21124 24945 28814 3400 5250 8693 12472 16357 20287 24240 28206 4000 8000 12000 16000 20000 24000 5250 8693 12472 16357 20287 10500 13793
26420 0 27827 25981 24651 23923 30312 27485 24982 22907 21386 20543 20461 31417 28136 25066 22292 19939 18172 17171 17073 33321 29715 26222 22896 19821 17133 15039 13814 13692 32084 28320 24631 21055 17663 14581 12052 10483 10322 27281 23428 19635 15943 12442 9352 7218 6981 26638 22676 18731 14815 10960 7264 4173 3749 22420 18420 14420 10420 6420 2420 22676 18731 14815 10960 7264 19635 15943
26654 27827 0 4000 8000 12000 8693 5250 3400 5250 8693 12472 16357 13793 10500 7889 6800 7889 10500 13793 17385 18975 15749 12963 10956 10200 10956 12963 15749 18975 20999 18137 15778 14176 13600 14176 15778 18137 20999 20809 18788 17464 17000 17464 18788 20809 23345 23668 21913 20788 20400 20788 21913 23668 25926 25109 24134 23800 24134 25109 26654 28352 27493 27200 27493 28352 30860 30600
28678 25981 4000 0 4000 8000 12472 8693 5250 3400 5250 8693 12472 17385 13793 10500 7889 6800 7889 10500 13793 22451 18975 15749 12963 10956 10200 10956 12963 15749 24186 20999 18137 15778 14176 13600 14176 15778 18137 23345 20809 18788 17464 17000 17464 18788 20809 25926 23668 21913 20788 20400 20788 21913 23668 26654 25109 24134 23800 24134 25109 29729 28352 27493 27200 27493 31628 30860
31088 24651 8000 4000 0 4000 16357 12472 8693 5250 3400 5250 8693 21124 17385 13793 10500 7889 6800 7889 10500 26078 22451 18975 15749 12963 10956 10200 10956 12963 27586 24186 20999 18137 15778 14176 13600 14176 15778 26249 23345 20809 18788 17464 17000 17464 18788 28569 25926 23668 21913 20788 20400 20788 21913 28678 26654 25109 24134 23800 24134 31557 29729 28352 27493 27200 32869 31628
33800 23923 12000 8000 4000 0 20287 16357 12472 8693 5250 3400 5250 24945 21124 17385 13793 10500 7889 6800 7889 29800 26078 22451 18975 15749 12963 10956 10200 10956 31128 27586 24186 20999 18137 15778 14176 13600 14176 29411 26249 23345 20809 18788 17464 17000 17464 31499 28569 25926 23668 21913 20788 20400 20788 31088 28678 26654 25109 24134 23800 33762 31557 29729 28352 27493 34531 32869
20788 30312 8693 12472 16357 20287 0 4000 8000 12000 16000 20000 24000 5250 3400 5250 8693 12472 16357 20287 24240 10500 7889 6800 7889 10500 13793 17385 21124 24945 12963 10956 10200 10956 12963 15749 18975 22451 26078 14176 13600 14176 15778 18137 20999 24186 27586 17464 17000 17464 18788 20809 23345 26249 29411 20400 20788 21913 23668 25926 28569 23800 24134 25109 26654 28678 27493 28352
21913 27485 5250 8693 12472 16357 4000 0 4000 8000 12000 16000 20000 8693 5250 3400 5250 8693 12472 16357 20287 13793 10500 7889 6800 7889 10500 13793 17385 21124 15749 12963 10956 10200 10956 12963 15749 18975 22451 15778 14176 13600 14176 15778 18137 20999 24186 18788 17464 17000 17464 18788 20809 23345 26249 20788 20400 20788 21913 23668 25926 24134 23800 24134 25109 26654 27200 27493
23668 24982 3400 5250 8693 12472 8000 4000 0 4000 8000 12000 16000 12472 8693 5250 3400 5250 8693 12472 16357 17385 13793 10500 7889 6800 7889 10500 13793 17385 18975 15749 12963 10956 10200 10956 12963 15749 18975 18137 15778 14176 13600 14176 15778 18137 20999 20809 18788 17464 17000 17464 18788 20809 23345 21913 20788 20400 20788 21913 23668 25109 24134 23800 24134 25109 27493 27200
25926 22907 5250 3400 5250 8693 12000 8000 4000 0 4000 8000 12000 16357 12472 8693 5250 3400 5250 8693 12472 21124 17385 13793 10500 7889 6800 7889 10500 13793 22451 18975 15749 12963 10956 10200 10956 12963 15749 20999 18137 15778 14176 13600 14176 15778 18137 23345 20809 18788 17464 17000 17464 18788 20809 23668 21913 20788 20400 20788 21913 26654 25109 24134 23800 24134 28352 27493
28569 21386 8693 5250 3400 5250 16000 12000 8000 4000 0 4000 8000 20287 16357 12472 8693 5250 3400 5250 8693 24945 21124 17385 13793 10500 7889 6800 7889 10500 26078 22451 18975 15749 12963 10956 10200 10956 12963 24186 20999 18137 15778 14176 13600 14176 15778 26249 23345 20809 18788 17464 17000 17464 18788 25926 23668 21913 20788 20400 20788 28678 26654 25109 24134 23800 29729 28352
31499 20543 12472 8693 5250 3400 20000 16000 12000 8000 4000 0 4000 24240 20287 16357 12472 8693 5250 3400 5250 28814 24945 21124 17385 13793 10500 7889 6800 7889 29800 26078 22451 18975 15749 12963 10956 10200 10956 27586 24186 20999 18137 15778 14176 13600 14176 29411 26249 23345 20809 18788 17464 17000 17464 28569 25926 23668 21913 20788 20400 31088 28678 26654 25109 24134 31557 29729
34643 20461 16357 12472 8693 5250 24000 20000 16000 12000 8000 4000 0 28206 24240 20287 16357 12472 8693 5250 3400 32715 28814 24945 21124 17385 13793 10500 7889 6800 33586 29800 26078 22451 18975 15749 12963 10956 10200 31128 27586 24186 20999 18137 15778 14176 13600 32757 29411 26249 23345 20809 18788 17464 17000 31499 28569 25926 23668 21913 20788 33800 31088 28678 26654 25109 33762 31557
17000 31417 13793 17385 21124 24945 5250 8693 12472 16357 20287 24240 28206 0 4000 8000 12000 16000 20000 24000 28000 5250 3400 5250 8693 12472 16357 20287 24240 28206 7889 6800 7889 10500 13793 17385 21124 24945 28814 10200 10956 12963 15749 18975 22451 26078 29800 13600 14176 15778 18137 20999 24186 27586 31128 17464 18788 20809 23345 26249 29411 20788 21913 23668 25926 28569 25109 26654
17464 28136 10500 13793 17385 21124 3400 5250 8693 12472 16357 20287 24240 4000 0 4000 8000 12000 16000 20000 24000 8693 5250 3400 5250 8693 12472 16357 20287 24240 10500 7889 6800 7889 10500 13793 17385 21124 24945 10956 10200 10956 12963 15749 18975 22451 26078 14176 13600 14176 15778 18137 20999 24186 27586 17000 17464 18788 20809 23345 26249 20400 20788 21913 23668 25926 24134 25109
18788 25066 7889 10500 13793 17385 5250 3400 5250 8693 12472 16357 20287 8000 4000 0 4000 8000 12000 16000 20000 12472 8693 5250 3400 5250 8693 12472 16357 20287 13793 10500 7889 6800 7889 10500 13793 17385 21124 12963 10956 10200 10956 12963 15749 18975 22451 15778 14176 13600 14176 15778 18137 20999 24186 17464 17000 17464 18788 20809 23345 20788 20400 20788 21913 23668 23800 24134
20809 22292 6800 7889 10500 13793 8693 5250 3400 5250 8693 12472 16357 12000 8000 4000 0 4000 8000 12000 16000 16357 12472 8693 5250 3400 5250 8693 12472 16357 17385 13793 10500 7889 6800 7889 10500 13793 17385 15749 12963 10956 10200 10956 12963 15749 18975 18137 15778 14176 13600 14176 15778 18137 20999 18788 17464 17000 17464 18788 20809 21913 20788 20400 20788 21913 24134 23800
23345 19939 7889 6800 7889 10500 12472 8693 5250 3400 5250 8693 12472 16000 12000 8000 4000 0 4000 8000 12000 20287 16357 12472 8693 5250 3400 5250 8693 12472 21124 17385 13793 10500 7889 6800 7889 10500 13793 18975 15749 12963 10956 10200 10956 12963 15749 20999 18137 15778 14176 13600 14176 15778 18137 20809 18788 17464 17000 17464 18788 23668 21913 20788 20400 20788 25109 24134
26249 18172 10500 7889 6800 7889 16357 12472 8693 5250 3400 5250 8693 20000 16000 12000 8000 4000 0 4000 8000 24240 20287 16357 12472 8693 5250 3400 5250 8693 24945 21124 17385 13793 10500 7889 6800 7889 10500 22451 18975 15749 12963 10956 10200 10956 12963 24186 20999 18137 15778 14176 13600 14176 15778 23345 20809 18788 17464 17000 17464 25926 23668 21913 20788 20400 26654 25109
29411 17171 13793 10500 7889 6800 20287 16357 12472 8693 5250 3400 5250 24000 20000 16000 12000 8000 4000 0 4000 28206 24240 20287 16357 12472 8693 5250 3400 5250 28814 24945 21124 17385 13793 10500 7889 6800 7889 26078 22451 18975 15749 12963 10956 10200 10956 27586 24186 20999 18137 15778 14176 13600 14176 26249 23345 20809 18788 17464 17000 28569 25926 23668 21913 20788 28678 26654
32757 17073 17385 13793 10500 7889 24240 20287 16357 12472 8693 5250 3400 28000 24000 20000 16000 12000 8000 4000 0 32180 28206 24240 20287 16357 12472 8693 5250 3400 32715 28814 24945 21124 17385 13793 10500 7889 6800 29800 26078 22451 18975 15749 12963 10956 10200 31128 27586 24186 20999 18137 15778 14176 13600 29411 26249 23345 20809 18788 17464 31499 28569 25926 23668 21913 31088 28678
14176 33321 18975 22451 26078 29800 10500 13793 17385 21124 24945 28814 32715 5250 8693 12472 16357 20287 24240 28206 32180 0 4000 8000 12000 16000 20000 24000 28000 32000 3400 5250 8693 12472 16357 20287 24240 28206 32180 7889 10500 13793 17385 21124 24945 28814 32715 10956 12963 15749 18975 22451 26078 29800 33586 15778 18137 20999 24186 27586 31128 18788 20809 23345 26249 29411 23668 25926
13600 29715 15749 18975 22451 26078 7889 10500 13793 17385 21124 24945 28814 3400 5250 8693 12472 16357 20287 24240 28206 4000 0 4000 8000 12000 16000 20000 24000 28000 5250 3400 5250 8693 12472 16357 20287 24240 28206 6800 7889 10500 13793 17385 21124 24945 28814 10200 10956 12963 15749 18975 22451 26078 29800 14176 15778 18137 20999 24186 27586 17464 18788 20809 23345 26249 21913 23668
14176 26222 12963 15749 18975 22451 6800 7889 10500 13793 17385 21124 24945 5250 3400 5250 8693 12472 16357 20287 24240 8000 4000 0 4000 8000 12000 16000 20000 24000 8693 5250 3400 5250 8693 12472 16357 20287 24240 7889 6800 7889 10500 13793 17385 21124 24945 10956 10200 10956 12963 15749 18975 22451 26078 13600 14176 15778 18137 20999 24186 17000 17464 18788 20809 23345 20788 21913
15778 22896 10956 12963 15749 18975 7889 6800 7889 10500 13793 17385 21124 8693 5250 3400 5250 8693 12472 16357 20287 12000 8000 4000 0 4000 8000 12000 16000 20000 12472 8693 5250 3400 5250 8693 12472 16357 20287 10500 7889 6800 7889 10500 13793 17385 21124 12963 10956 10200 10956 12963 15749 18975 22451 14176 13600 14176 15778 18137 20999 17464 17000 17464 18788 20809 20400 20788
18137 19821 10200 10956 12963 15749 10500 7889 6800 7889 10500 13793 17385 12472 8693 5250 3400 5250 8693 12472 16357 16000 12000 8000 4000 0 4000 8000 12000 16000 16357 12472 8693 5250 3400 5250 8693 12472 16357 13793 10500 7889 6800 7889 10500 13793 17385 15749 12963 10956 10200 10956 12963 15749 18975 15778 14176 13600 14176 15778 18137 18788 17464 17000 17464 18788 20788 20400
20999 17133 10956 10200 10956 12963 13793 10500 7889 6800 7889 10500 13793 16357 12472 8693 5250 3400 5250 8693 12472 20000 16000 12000 8000 4000 0 4000 8000 12000 20287 16357 12472 8693 5250 3400 5250 8693 12472 17385 13793 10500 7889 6800 7889 10500 13793 18975 15749 12963 10956 10200 10956 12963 15749 18137 15778 14176 13600 14176 15778 20809 18788 17464 17000 17464 21913 20788
24186 15039 12963 10956 10200 10956 17385 13793 10500 7889 6800 7889 10500 20287 16357 12472 8693 5250 3400 5250 8693 24000 20000 16000 12000 8000 4000 0 4000 8000 24240 20287 16357 12472 8693 5250 3400 5250 8693 21124 17385 13793 10500 7889 6800 7889 10500 22451 18975 15749 12963 10956 10200 10956 12963 20999 18137 15778 14176 13600 14176 23345 20809 18788 17464 17000 23668 21913
27586 13814 15749 12963 10956 10200 21124 17385 13793 10500 7889 6800 7889 24240 20287 16357 12472 8693 5250 3400 5250 28000 24000 20000 16000 12000 8000 4000 0 4000 28206 24240 20287 16357 12472 8693 5250 3400 5250 24945 21124 17385 13793 10500 7889 6800 7889 26078 22451 18975 15749 12963 10956 10200 10956 24186 20999 18137 15778 14176 13600 26249 23345 20809 18788 17464 25926 23668
31128 13692 18975 15749 12963 10956 24945 21124 17385 13793 10500 7889 6800 28206 24240 20287 16357 12472 8693 5250 3400 32000 28000 24000 20000 16000 12000 8000 4000 0 32180 28206 24240 20287 16357 12472 8693 5250 3400 28814 24945 21124 17385 13793 10500 7889 6800 29800 26078 22451 18975 15749 12963 10956 10200 27586 24186 20999 18137 15778 14176 29411 26249 23345 20809 18788 28569 25926
10956 32084 20999 24186 27586 31128 12963 15749 18975 22451 26078 29800 33586 7889 10500 13793 17385 21124 24945 28814 32715 3400 5250 8693 12472 16357 20287 24240 28206 32180 0 4000 8000 12000 16000 20000 24000 28000 32000 5250 8693 12472 16357 20287 24240 28206 32180 7889 10500 13793 17385 21124 24945 28814 32715 12963 15749 18975 22451 26078 29800 15778 18137 20999 24186 27586 20809 23345
10200 28320 18137 20999 24186 27586 10956 12963 15749 18975 22451 26078 29800 6800 7889 10500 13793 17385 21124 24945 28814 5250 3400 5250 8693 12472 16357 20287 24240 28206 4000 0 4000 8000 12000 16000 20000 24000 28000 3400 5250 8693 12472 16357 20287 24240 28206 6800 7889 10500 13793 17385 21124 24945 28814 10956 12963 15749 18975 22451 26078 14176 15778 18137 20999 24186 18788 20809
10956 24631 15778 18137 20999 24186 10200 10956 12963 15749 18975 22451 26078 7889 6800 7889 10500 13793 17385 21124 24945 8693 5250 3400 5250 8693 12472 16357 20287 24240 8000 4000 0 4000 8000 12000 16000 20000 24000 5250 3400 5250 8693 12472 16357 20287 24240 7889 6800 7889 10500 13793 17385 21124 24945 10200 10956 12963 15749 18975 22451 13600 14176 15778 18137 20999 17464 18788
12963 21055 14176 15778 18137 20999 10956 10200 10956 12963 15749 18975 22451 10500 7889 6800 7889 10500 13793 17385 21124 12472 8693 5250 3400 5250 8693 12472 16357 20287 12000 8000 4000 0 4000 8000 12000 16000 20000 8693 5250 3400 5250 8693 12472 16357 20287 10500 7889 6800 7889 10500 13793 17385 21124 10956 10200 10956 12963 15749 18975 14176 13600 14176 15778 18137 17000 17464
15749 17663 13600 14176 15778 18137 12963 10956 10200 10956 12963 15749 18975 13793 10500 7889 6800 7889 10500 13793 17385 16357 12472 8693 5250 3400 5250 8693 12472 16357 16000 12000 8000 4000 0 4000 8000 12000 16000 12472 8693 5250 3400 5250 8693 12472 16357 13793 10500 7889 6800 7889 10500 13793 17385 12963 10956 10200 10956 12963 15749 15778 14176 13600 14176 15778 17464 17000
18975 14581 14176 13600 14176 15778 15749 12963 10956 10200 10956 12963 15749 17385 13793 10500 7889 6800 7889 10500 13793 20287 16357 12472 8693 5250 3400 5250 8693 12472 20000 16000 12000 8000 4000 0 4000 8000 12000 16357 12472 8693 5250 3400 5250 8693 12472 17385 13793 10500 7889 6800 7889 10500 13793 15749 12963 10956 10200 10956 12963 18137 15778 14176 13600 14176 18788 17464
22451 12052 15778 14176 13600 14176 18975 15749 12963 10956 10200 10956 12963 21124 17385 13793 10500 7889 6800 7889 10500 24240 20287 16357 12472 8693 5250 3400 5250 8693 24000 20000 16000 12000 8000 4000 0 4000 8000 20287 16357 12472 8693 5250 3400 5250 8693 21124 17385 13793 10500 7889 6800 7889 10500 18975 15749 12963 10956 10200 10956 20999 18137 15778 14176 13600 20809 18788
26078 10483 18137 15778 14176 13600 22451 18975 15749 12963 10956 10200 10956 24945 21124 17385 13793 10500 7889 6800 7889 28206 24240 20287 16357 12472 8693 5250 3400 5250 28000 24000 20000 16000 12000 8000 4000 0 4000 24240 20287 16357 12472 8693 5250 3400 5250 24945 21124 17385 13793 10500 7889 6800 7889 22451 18975 15749 12963 10956 10200 24186 20999 18137 15778 14176 23345 20809
29800 10322 20999 18137 15778 14176 26078 22451 18975 15749 12963 10956 10200 28814 24945 21124 17385 13793 10500 7889 6800 32180 28206 24240 20287 16357 12472 8693 5250 3400 32000 28000 24000 20000 16000 12000 8000 4000 0 28206 24240 20287 16357 12472 8693 5250 3400 28814 24945 21124 17385 13793 10500 7889 6800 26078 22451 18975 15749 12963 10956 27586 24186 20999 18137 15778 26249 23345
6800 27281 20809 23345 26249 29411 14176 15778 18137 20999 24186 27586 31128 10200 10956 12963 15749 18975 22451 26078 29800 7889 6800 7889 10500 13793 17385 21124 24945 28814 5250 3400 5250 8693 12472 16357 20287 24240 28206 0 4000 8000 12000 16000 20000 24000 28000 3400 5250 8693 12472 16357 20287 24240 28206 7889 10500 13793 17385 21124 24945 10956 12963 15749 18975 22451 15778 18137
7889 23428 18788 20809 23345 26249 13600 14176 15778 18137 20999 24186 27586 10956 10200 10956 12963 15749 18975 22451 26078 10500 7889 6800 7889 10500 13793 17385 21124 24945 8693 5250 3400 5250 8693 12472 16357 20287 24240 4000 0 4000 8000 12000 16000 20000 24000 5250 3400 5250 8693 12472 16357 20287 24240 6800 7889 10500 13793 17385 21124 10200 10956 12963 15749 18975 14176 15778
10500 19635 17464 18788 20809 23345 14176 13600 14176 15778 18137 20999 24186 12963 10956 10200 10956 12963 15749 18975 22451 13793 10500 7889 6800 7889 10500 13793 17385 21124 12472 8693 5250 3400 5250 8693 12472 16357 20287 8000 4000 0 4000 8000 12000 16000 20000 8693 5250 3400 5250 8693 12472 16357 20287 7889 6800 7889 10500 13793 17385 10956 10200 10956 12963 15749 13600 14176
13793 15943 17000 17464 18788 20809 15778 14176 13600 14176 15778 18137 20999 15749 12963 10956 10200 10956 12963 15749 18975 17385 13793 10500 7889 6800 7889 10500 13793 17385 16357 12472 8693 5250 3400 5250 8693 12472 16357 12000 8000 4000 0 4000 8000 12000 16000 12472 8693 5250 3400 5250 8693 12472 16357 10500 7889 6800 7889 10500 13793 12963 10956 10200 10956 12963 14176 13600
17385 12442 17464 17000 17464 18788 18137 15778 14176 13600 14176 15778 18137 18975 15749 12963 10956 10200 10956 12963 15749 21124 17385 13793 10500 7889 6800 7889 10500 13793 20287 16357 12472 8693 5250 3400 5250 8693 12472 16000 12000 8000 4000 0 4000 8000 12000 16357 12472 8693 5250 3400 5250 8693 12472 13793 10500 7889 6800 7889 10500 15749 12963 10956 10200 10956 15778 14176
21124 9352 18788 17464 17000 17464 20999 18137 15778 14176 13600 14176 15778 22451 18975 15749 12963 10956 10200 10956 12963 24945 21124 17385 13793 10500 7889 6800 7889 10500 24240 20287 16357 12472 8693 5250 3400 5250 8693 20000 16000 12000 8000 4000 0 4000 8000 20287 16357 12472 8693 5250 3400 5250 8693 17385 13793 10500 7889 6800 7889 18975 15749 12963 10956 10200 18137 15778
24945 7218 20809 18788 17464 17000 24186 20999 18137 15778 14176 13600 14176 26078 22451 18975 15749 12963 10956 10200 10956 28814 24945 21124 17385 13793 10500 7889 6800 7889 28206 24240 20287 16357 12472 8693 5250 3400 5250 24000 20000 16000 12000 8000 4000 0 4000 24240 20287 16357 12472 8693 5250 3400 5250 21124 17385 13793 10500 7889 6800 22451 18975 15749 12963 10956 20999 18137
28814 6981 23345 20809 18788 17464 27586 24186 20999 18137 15778 14176 13600 29800 26078 22451 18975 15749 12963 10956 10200 32715 28814 24945 21124 17385 13793 10500 7889 6800 32180 28206 24240 20287 16357 12472 8693 5250 3400 28000 24000 20000 16000 12000 8000 4000 0 28206 24240 20287 16357 12472 8693 5250 3400 24945 21124 17385 13793 10500 7889 26078 22451 18975 15749 12963 24186 20999
3400 26638 23668 25926 28569 31499 17464 18788 20809 23345 26249 29411 32757 13600 14176 15778 18137 20999 24186 27586 31128 10956 10200 10956 12963 15749 18975 22451 26078 29800 7889 6800 7889 10500 13793 17385 21124 24945 28814 3400 5250 8693 12472 16357 20287 24240 28206 0 4000 8000 12000 16000 20000 24000 28000 5250 8693 12472 16357 20287 24240 7889 10500 13793 17385 21124 12963 15749
5250 22676 21913 23668 25926 28569 17000 17464 18788 20809 23345 26249 29411 14176 13600 14176 15778 18137 20999 24186 27586 12963 10956 10200 10956 12963 15749 18975 22451 26078 10500 7889 6800 7889 10500 13793 17385 21124 24945 5250 3400 5250 8693 12472 16357 20287 24240 4000 0 4000 8000 12000 16000 20000 24000 3400 5250 8693 12472 16357 20287 6800 7889 10500 13793 17385 10956 12963
8693 18731 20788 21913 23668 25926 17464 17000 17464 18788 20809 23345 26249 15778 14176 13600 14176 15778 18137 20999 24186 15749 12963 10956 10200 10956 12963 15749 18975 22451 13793 10500 7889 6800 7889 10500 13793 17385 21124 8693 5250 3400 5250 8693 12472 16357 20287 8000 4000 0 4000 8000 12000 16000 20000 5250 3400 5250 8693 12472 16357 7889 6800 7889 10500 13793 10200 10956
12472 14815 20400 20788 21913 23668 18788 17464 17000 17464 18788 20809 23345 18137 15778 14176 13600 14176 15778 18137 20999 18975 15749 12963 10956 10200 10956 12963 15749 18975 17385 13793 10500 7889 6800 7889 10500 13793 17385 12472 8693 5250 3400 5250 8693 12472 16357 12000 8000 4000 0 4000 8000 12000 16000 8693 5250 3400 5250 8693 12472 10500 7889 6800 7889 10500 10956 10200
16357 10960 20788 20400 20788 21913 20809 18788 17464 17000 17464 18788 20809 20999 18137 15778 14176 13600 14176 15778 18137 22451 18975 15749 12963 10956 10200 10956 12963 15749 21124 17385 13793 10500 7889 6800 7889 10500 13793 16357 12472 8693 5250 3400 5250 8693 12472 16000 12000 8000 4000 0 4000 8000 12000 12472 8693 5250 3400 5250 8693 13793 10500 7889 6800 7889 12963 10956
20287 7264 21913 20788 20400 20788 23345 20809 18788 17464 17000 17464 18788 24186 20999 18137 15778 14176 13600 14176 15778 26078 22451 18975 15749 12963 10956 10200 10956 12963 24945 21124 17385 13793 10500 7889 6800 7889 10500 20287 16357 12472 8693 5250 3400 5250 8693 20000 16000 12000 8000 4000 0 4000 8000 16357 12472 8693 5250 3400 5250 17385 13793 10500 7889 6800 15749 12963
24240 4173 23668 21913 20788 20400 26249 23345 20809 18788 17464 17000 17464 27586 24186 20999 18137 15778 14176 13600 14176 29800 26078 22451 18975 15749 12963 10956 10200 10956 28814 24945 21124 17385 13793 10500 7889 6800 7889 24240 20287 16357 12472 8693 5250 3400 5250 24000 20000 16000 12000 8000 4000 0 4000 20287 16357 12472 8693 5250 3400 21124 17385 13793 10500 7889 18975 15749
28206 3749 25926 23668 21913 20788 29411 26249 23345 20809 18788 17464 17000 31128 27586 24186 20999 18137 15778 14176 13600 33586 29800 26078 22451 18975 15749 12963 10956 10200 32715 28814 24945 21124 17385 13793 10500 7889 6800 28206 24240 20287 16357 12472 8693 5250 3400 28000 24000 20000 16000 12000 8000 4000 0 24240 20287 16357 12472 8693 5250 24945 21124 17385 13793 10500 22451 18975
4000 22420 25109 26654 28678 31088 20400 20788 21913 23668 25926 28569 31499 17464 17000 17464 18788 20809 23345 26249 29411 15778 14176 13600 14176 15778 18137 20999 24186 27586 12963 10956 10200 10956 12963 15749 18975 22451 26078 7889 6800 7889 10500 13793 17385 21124 24945 5250 3400 5250 8693 12472 16357 20287 24240 0 4000 8000 12000 16000 20000 3400 5250 8693 12472 16357 7889 10500
8000 18420 24134 25109 26654 28678 20788 20400 20788 21913 23668 25926 28569 18788 17464 17000 17464 18788 20809 23345 26249 18137 15778 14176 13600 14176 15778 18137 20999 24186 15749 12963 10956 10200 10956 12963 15749 18975 22451 10500 7889 6800 7889 10500 13793 17385 21124 8693 5250 3400 5250 8693 12472 16357 20287 4000 0 4000 8000 12000 16000 5250 3400 5250 8693 12472 6800 7889
12000 14420 23800 24134 25109 26654 21913 20788 20400 20788 21913 23668 25926 20809 18788 17464 17000 17464 18788 20809 23345 20999 18137 15778 14176 13600 14176 15778 18137 20999 18975 15749 12963 10956 10200 10956 12963 15749 18975 13793 10500 7889 6800 7889 10500 13793 17385 12472 8693 5250 3400 5250 8693 12472 16357 8000 4000 0 4000 8000 12000 8693 5250 3400 5250 8693 7889 6800
16000 10420 24134 23800 24134 25109 23668 21913 20788 20400 20788 21913 23668 23345 20809 18788 17464 17000 17464 18788 20809 24186 20999 18137 15778 14176 13600 14176 15778 18137 22451 18975 15749 12963 10956 10200 10956 12963 15749 17385 13793 10500 7889 6800 7889 10500 13793 16357 12472 8693 5250 3400 5250 8693 12472 12000 8000 4000 0 4000 8000 12472 8693 5250 3400 5250 10500 7889
20000 6420 25109 24134 23800 24134 25926 23668 21913 20788 20400 20788 21913 26249 23345 20809 18788 17464 17000 17464 18788 27586 24186 20999 18137 15778 14176 13600 14176 15778 26078 22451 18975 15749 12963 10956 10200 10956 12963 21124 17385 13793 10500 7889 6800 7889 10500 20287 16357 12472 8693 5250 3400 5250 8693 16000 12000 8000 4000 0 4000 16357 12472 8693 5250 3400 13793 10500
24000 2420 26654 25109 24134 23800 28569 25926 23668 21913 20788 20400 20788 29411 26249 23345 20809 18788 17464 17000 17464 31128 27586 24186 20999 18137 15778 14176 13600 14176 29800 26078 22451 18975 15749 12963 10956 10200 10956 24945 21124 17385 13793 10500 7889 6800 7889 24240 20287 16357 12472 8693 5250 3400 5250 20000 16000 12000 8000 4000 0 20287 16357 12472 8693 5250 17385 13793
5250 22676 28352 29729 31557 33762 23800 24134 25109 26654 28678 31088 33800 20788 20400 20788 21913 23668 25926 28569 31499 18788 17464 17000 17464 18788 20809 23345 26249 29411 15778 14176 13600 14176 15778 18137 20999 24186 27586 10956 10200 10956 12963 15749 18975 22451 26078 7889 6800 7889 10500 13793 17385 21124 24945 3400 5250 8693 12472 16357 20287 0 4000 8000 12000 16000 5250 8693
8693 18731 27493 28352 29729 31557 24134 23800 24134 25109 26654 28678 31088 21913 20788 20400 20788 21913 23668 25926 28569 20809 18788 17464 17000 17464 18788 20809 23345 26249 18137 15778 14176 13600 14176 15778 18137 20999 24186 12963 10956 10200 10956 12963 15749 18975 22451 10500 7889 6800 7889 10500 13793 17385 21124 5250 3400 5250 8693 12472 16357 4000 0 4000 8000 12000 3400 5250
12472 14815 27200 27493 28352 29729 25109 24134 23800 24134 25109 26654 28678 23668 21913 20788 20400 20788 21913 23668 25926 23345 20809 18788 17464 17000 17464 18788 20809 23345 20999 18137 15778 14176 13600 14176 15778 18137 20999 15749 12963 10956 10200 10956 12963 15749 18975 13793 10500 7889 6800 7889 10500 13793 17385 8693 5250 3400 5250 8693 12472 8000 4000 0 4000 8000 5250 3400
16357 10960 27493 27200 27493 28352 26654 25109 24134 23800 24134 25109 26654 25926 23668 21913 20788 20400 20788 21913 23668 26249 23345 20809 18788 17464 17000 17464 18788 20809 24186 20999 18137 15778 14176 13600 14176 15778 18137 18975 15749 12963 10956 10200 10956 12963 15749 17385 13793 10500 7889 6800 7889 10500 13793 12472 8693 5250 3400 5250 8693 12000 8000 4000 0 4000 8693 5250
20287 7264 28352 27493 27200 27493 28678 26654 25109 24134 23800 24134 25109 28569 25926 23668 21913 20788 20400 20788 21913 29411 26249 23345 20809 18788 17464 17000 17464 18788 27586 24186 20999 18137 15778 14176 13600 14176 15778 22451 18975 15749 12963 10956 10200 10956 12963 21124 17385 13793 10500 7889 6800 7889 10500 16357 12472 8693 5250 3400 5250 16000 12000 8000 4000 0 12472 8693
10500 19635 30860 31628 32869 34531 27493 27200 27493 28352 29729 31557 33762 25109 24134 23800 24134 25109 26654 28678 31088 23668 21913 20788 20400 20788 21913 23668 25926 28569 20809 18788 17464 17000 17464 18788 20809 23345 26249 15778 14176 13600 14176 15778 18137 20999 24186 12963 10956 10200 10956 12963 15749 18975 22451 7889 6800 7889 10500 13793 17385 5250 3400 5250 8693 12472 0 4000
13793 15943 30600 30860 31628 32869 28352 27493 27200 27493 28352 29729 31557 26654 25109 24134 23800 24134 25109 26654 28678 25926 23668 21913 20788 20400 20788 21913 23668 25926 23345 20809 18788 17464 17000 17464 18788 20809 23345 18137 15778 14176 13600 14176 15778 18137 20999 15749 12963 10956 10200 10956 12963 15749 18975 10500 7889 6800 7889 10500 13793 8693 5250 3400 5250 8693 4000 0
