# 第12块采样点
# 总点数: 159
# 索引0: 起点, 1: 退出点, 2+: 网格点
# 格式: 索引 X Y

0 -66.000000 85.000000
1 -60.800000 15.800000
2 -78.362832 68.025891
3 -75.272124 72.269418
4 -74.972391 68.280664
5 -72.181416 76.512946
6 -71.881683 72.524191
7 -71.581950 68.535437
8 -69.090708 80.756473
9 -68.790975 76.767719
10 -68.491242 72.778964
11 -68.191509 68.790210
12 -65.493912 32.891422
13 -65.194179 28.902668
14 -64.894446 24.913914
15 -65.700267 81.011246
16 -65.400534 77.022492
17 -65.100801 73.033737
18 -64.801068 69.044983
19 -62.702937 41.123704
20 -62.403204 37.134949
21 -62.103471 33.146195
22 -61.803738 29.157441
23 -61.504005 25.168687
24 -61.204272 21.179933
25 -60.904539 17.191178
26 -62.609559 85.254773
27 -62.309826 81.266019
28 -62.010093 77.277265
29 -61.710360 73.288510
30 -61.410627 69.299756
31 -59.911962 49.355985
32 -59.612229 45.367231
33 -59.312496 41.378477
34 -59.012763 37.389723
35 -58.713030 33.400968
36 -58.413297 29.412214
37 -58.113564 25.423460
38 -57.813831 21.434706
39 -57.514098 17.445951
40 -59.518851 89.498300
41 -59.219118 85.509546
42 -58.919385 81.520792
43 -58.619652 77.532038
44 -58.319919 73.543283
45 -58.020186 69.554529
46 -57.720453 65.565775
47 -57.420720 61.577021
48 -57.120987 57.588267
49 -56.821254 53.599512
50 -56.521521 49.610758
51 -56.221788 45.622004
52 -55.922055 41.633250
53 -55.622322 37.644496
54 -55.322589 33.655741
55 -55.022856 29.666987
56 -54.723123 25.678233
57 -54.423390 21.689479
58 -54.123657 17.700724
59 -56.428143 93.741828
60 -56.128410 89.753073
61 -55.828677 85.764319
62 -55.528944 81.775565
63 -55.229211 77.786811
64 -54.929478 73.798056
65 -54.629745 69.809302
66 -54.330012 65.820548
67 -54.030279 61.831794
68 -53.730546 57.843040
69 -53.430813 53.854285
70 -53.131080 49.865531
71 -52.831347 45.876777
72 -52.531614 41.888023
73 -52.231881 37.899269
74 -51.932148 33.910514
75 -51.632415 29.921760
76 -51.332682 25.933006
77 -51.032949 21.944252
78 -50.733216 17.955498
79 -53.037702 93.996601
80 -52.737969 90.007846
81 -52.438236 86.019092
82 -52.138503 82.030338
83 -51.838770 78.041584
84 -51.539037 74.052829
85 -51.239304 70.064075
86 -50.939571 66.075321
87 -50.639838 62.086567
88 -50.340105 58.097813
89 -50.040372 54.109058
90 -49.740639 50.120304
91 -49.440906 46.131550
92 -49.141173 42.142796
93 -48.841440 38.154042
94 -48.541707 34.165287
95 -48.241974 30.176533
96 -47.942241 26.187779
97 -47.642508 22.199025
98 -49.647261 94.251374
99 -49.347528 90.262619
100 -49.047795 86.273865
101 -48.748062 82.285111
102 -48.448329 78.296357
103 -48.148596 74.307603
104 -47.848863 70.318848
105 -46.350198 50.375077
106 -46.050465 46.386323
107 -45.750732 42.397569
108 -45.450999 38.408815
109 -45.957087 90.517392
110 -45.657354 86.528638
111 -45.357621 82.539884
112 -45.057888 78.551130
113 -44.758155 74.562376
114 -44.458422 70.573621
115 -42.566645 90.772165
116 -42.266912 86.783411
117 -41.967179 82.794657
118 -41.667447 78.805903
119 -41.367714 74.817149
120 -39.176204 91.026938
121 -38.876471 87.038184
122 -38.576738 83.049430
123 -38.277005 79.060676
124 -37.977272 75.071922
125 -35.785763 91.281711
126 -35.486030 87.292957
127 -35.186297 83.304203
128 -34.886564 79.315449
129 -34.586831 75.326695
130 -32.395322 91.536484
131 -32.095589 87.547730
132 -31.795856 83.558976
133 -31.496123 79.570222
134 -31.196390 75.581468
135 -29.004881 91.791258
136 -28.705148 87.802503
137 -28.405415 83.813749
138 -28.105682 79.824995
139 -27.805949 75.836241
140 -25.614440 92.046031
141 -25.314707 88.057276
142 -25.014974 84.068522
143 -24.715241 80.079768
144 -22.223999 92.300804
145 -21.924266 88.312049
146 -21.624533 84.323295
147 -21.324800 80.334541
148 -18.833558 92.555577
149 -18.533825 88.566822
150 -18.234092 84.578068
151 -17.934359 80.589314
152 -15.443117 92.810350
153 -15.143384 88.821595
154 -14.843651 84.832841
155 -14.543918 80.844087
156 -12.052676 93.065123
157 -11.752943 89.076368
158 -11.453210 85.087614
