# 第32块采样点
# 总点数: 56
# 索引0: 起点, 1: 退出点, 2+: 网格点
# 格式: 索引 X Y

0 -188.000000 107.000000
1 -200.000000 171.000000
2 -191.292622 143.009980
3 -192.029776 146.941468
4 -192.766930 150.872957
5 -193.504084 154.804446
6 -194.241238 158.735935
7 -194.978393 162.667423
8 -195.715547 166.598912
9 -188.737154 110.931489
10 -189.474308 114.862977
11 -192.422925 130.588932
12 -193.160079 134.520421
13 -193.897233 138.451910
14 -194.634387 142.383399
15 -195.371541 146.314887
16 -196.108696 150.246376
17 -196.845850 154.177865
18 -197.583004 158.109354
19 -198.320158 162.040842
20 -199.057312 165.972331
21 -191.341765 106.373419
22 -192.078920 110.304908
23 -192.816074 114.236396
24 -193.553228 118.167885
25 -194.290382 122.099374
26 -195.027536 126.030863
27 -195.764690 129.962351
28 -196.501844 133.893840
29 -197.238999 137.825329
30 -197.976153 141.756818
31 -198.713307 145.688306
32 -199.450461 149.619795
33 -200.187615 153.551284
34 -194.683531 105.746838
35 -195.420685 109.678327
36 -196.157839 113.609815
37 -196.894993 117.541304
38 -197.632147 121.472793
39 -198.369302 125.404282
40 -199.106456 129.335770
41 -199.843610 133.267259
42 -200.580764 137.198748
43 -201.317918 141.130237
44 -202.055072 145.061725
45 -198.025296 105.120257
46 -198.762450 109.051746
47 -199.499605 112.983234
48 -200.236759 116.914723
49 -200.973913 120.846212
50 -201.711067 124.777701
51 -202.448221 128.709189
52 -203.185375 132.640678
53 -201.367062 104.493676
54 -202.104216 108.425165
55 -202.841370 112.356653
