BLOCK_NO: 42
POINTS: 190
COORDINATES:
0 -278.400000 -212.300000
1 -232.000000 -201.000000
2 -221.304528 -243.887135
3 -217.418118 -242.940660
4 -213.531708 -241.994185
5 -237.654673 -244.369586
6 -233.768263 -243.423111
7 -229.881852 -242.476636
8 -225.995442 -241.530161
9 -222.109032 -240.583686
10 -218.222622 -239.637211
11 -214.336211 -238.690736
12 -250.118408 -243.905562
13 -246.231997 -242.959087
14 -242.345587 -242.012612
15 -238.459177 -241.066137
16 -234.572767 -240.119662
17 -230.686356 -239.173187
18 -226.799946 -238.226712
19 -222.913536 -237.280237
20 -219.027125 -236.333762
21 -215.140715 -235.387288
22 -266.468553 -244.388013
23 -262.582142 -243.441538
24 -258.695732 -242.495063
25 -254.809322 -241.548588
26 -250.922911 -240.602113
27 -247.036501 -239.655638
28 -243.150091 -238.709163
29 -239.263681 -237.762688
30 -235.377270 -236.816213
31 -231.490860 -235.869738
32 -227.604450 -234.923264
33 -223.718039 -233.976789
34 -219.831629 -233.030314
35 -215.945219 -232.083839
36 -278.932287 -243.923989
37 -275.045877 -242.977514
38 -271.159467 -242.031039
39 -267.273056 -241.084564
40 -263.386646 -240.138089
41 -259.500236 -239.191614
42 -255.613826 -238.245139
43 -251.727415 -237.298664
44 -247.841005 -236.352189
45 -243.954595 -235.405714
46 -240.068184 -234.459240
47 -236.181774 -233.512765
48 -232.295364 -232.566290
49 -228.408953 -231.619815
50 -224.522543 -230.673340
51 -220.636133 -229.726865
52 -216.749722 -228.780390
53 -212.863312 -227.833915
54 -283.623201 -241.567015
55 -279.736791 -240.620540
56 -275.850381 -239.674065
57 -271.963970 -238.727590
58 -268.077560 -237.781115
59 -264.191150 -236.834640
60 -260.304740 -235.888165
61 -256.418329 -234.941690
62 -252.531919 -233.995216
63 -248.645509 -233.048741
64 -244.759098 -232.102266
65 -240.872688 -231.155791
66 -236.986278 -230.209316
67 -233.099867 -229.262841
68 -229.213457 -228.316366
69 -225.327047 -227.369891
70 -221.440636 -226.423416
71 -217.554226 -225.476941
72 -213.667816 -224.530466
73 -272.768474 -235.424141
74 -268.882064 -234.477667
75 -264.995654 -233.531192
76 -261.109243 -232.584717
77 -257.222833 -231.638242
78 -253.336423 -230.691767
79 -249.450012 -229.745292
80 -245.563602 -228.798817
81 -241.677192 -227.852342
82 -237.790781 -226.905867
83 -233.904371 -225.959392
84 -230.017961 -225.012917
85 -226.131550 -224.066442
86 -222.245140 -223.119967
87 -218.358730 -222.173492
88 -214.472319 -221.227018
89 -258.027337 -228.334793
90 -254.140926 -227.388318
91 -250.254516 -226.441843
92 -246.368106 -225.495368
93 -242.481695 -224.548893
94 -238.595285 -223.602418
95 -234.708875 -222.655943
96 -230.822464 -221.709468
97 -226.936054 -220.762994
98 -223.049644 -219.816519
99 -219.163233 -218.870044
100 -215.276823 -217.923569
101 -254.945430 -224.084869
102 -251.059020 -223.138394
103 -247.172609 -222.191919
104 -243.286199 -221.245444
105 -239.399789 -220.298970
106 -235.513378 -219.352495
107 -231.626968 -218.406020
108 -227.740558 -217.459545
109 -223.854147 -216.513070
110 -219.967737 -215.566595
111 -216.081327 -214.620120
112 -255.749934 -220.781420
113 -251.863523 -219.834946
114 -247.977113 -218.888471
115 -244.090703 -217.941996
116 -240.204292 -216.995521
117 -236.317882 -216.049046
118 -232.431472 -215.102571
119 -228.545061 -214.156096
120 -224.658651 -213.209621
121 -220.772241 -212.263146
122 -216.885830 -211.316671
123 -260.440848 -218.424447
124 -256.554437 -217.477972
125 -252.668027 -216.531497
126 -248.781617 -215.585022
127 -244.895206 -214.638547
128 -241.008796 -213.692072
129 -237.122386 -212.745597
130 -233.235975 -211.799122
131 -229.349565 -210.852647
132 -225.463155 -209.906172
133 -221.576744 -208.959697
134 -265.131762 -216.067473
135 -261.245351 -215.120998
136 -257.358941 -214.174523
137 -253.472531 -213.228048
138 -249.586120 -212.281573
139 -245.699710 -211.335098
140 -241.813300 -210.388623
141 -237.926889 -209.442148
142 -234.040479 -208.495673
143 -230.154069 -207.549198
144 -226.267658 -206.602723
145 -277.595496 -215.603449
146 -273.709086 -214.656974
147 -269.822676 -213.710499
148 -265.936265 -212.764024
149 -262.049855 -211.817549
150 -258.163445 -210.871074
151 -254.277034 -209.924599
152 -250.390624 -208.978124
153 -246.504214 -208.031649
154 -242.617803 -207.085174
155 -238.731393 -206.138699
156 -234.844983 -205.192225
157 -230.958572 -204.245750
158 -274.513590 -211.353525
159 -270.627179 -210.407050
160 -266.740769 -209.460575
161 -262.854359 -208.514100
162 -258.967948 -207.567625
163 -255.081538 -206.621150
164 -251.195128 -205.674676
165 -247.308717 -204.728201
166 -243.422307 -203.781726
167 -239.535897 -202.835251
168 -235.649486 -201.888776
169 -271.431683 -207.103601
170 -267.545273 -206.157126
171 -263.658862 -205.210652
172 -259.772452 -204.264177
173 -255.886042 -203.317702
174 -251.999631 -202.371227
175 -248.113221 -201.424752
176 -244.226811 -200.478277
177 -240.340400 -199.531802
178 -264.463366 -201.907203
179 -260.576956 -200.960728
180 -256.690545 -200.014253
181 -252.804135 -199.067778
182 -248.917725 -198.121303
183 -245.031314 -197.174828
184 -261.381459 -197.657279
185 -257.495049 -196.710804
186 -253.608639 -195.764329
187 -249.722228 -194.817854
188 -258.299553 -193.407355
189 -254.413142 -192.460880
TOUR_ORDER:
0 145 158 146 147 159 169 170 160 148 134 123 135 149 161 171 178 184 179 172 162 150 136 124 112 101 90 89 77 78 62 43 42 61 60 76 75 59 58 74 73 57 56 55 54 36 37 38 39 22 23 40 41 24 25 26 12 13 27 44 63 79 91 102 113 125 137 151 163 173 180 185 188 189 186 181 174 164 152 138 126 114 103 92 80 64 45 28 14 5 15 29 46 65 81 93 104 115 127 139 153 165 175 182 187 183 176 166 154 140 128 116 105 94 82 66 47 30 16 6 7 17 31 48 67 83 95 106 117 129 141 155 167 177 168 156 142 130 118 107 108 97 96 84 68 49 32 18 8 2 9 19 33 50 69 85 86 98 109 110 99 87 71 70 51 34 20 10 3 4 11 21 35 52 53 72 88 100 111 122 121 133 144 132 120 119 131 143 157 1
