# 第36块采样点
# 总点数: 358
# 索引0: 起点, 1: 退出点, 2+: 网格点
# 格式: 索引 X Y

0 -326.000000 87.500000
1 -236.500000 -44.500000
2 -355.881894 28.577064
3 -353.637115 25.266328
4 -355.312548 33.795861
5 -353.067769 30.485126
6 -326.130423 -9.243697
7 -354.743202 39.014658
8 -352.498423 35.703923
9 -327.805856 -0.714165
10 -325.561077 -4.024900
11 -323.316298 -7.335635
12 -321.071519 -10.646371
13 -351.929077 40.922720
14 -349.684298 37.611985
15 -327.236509 4.504632
16 -324.991731 1.193897
17 -322.746952 -2.116838
18 -320.502173 -5.427573
19 -318.257394 -8.738309
20 -316.012615 -12.049044
21 -349.114952 42.830782
22 -326.667163 9.723430
23 -324.422384 6.412694
24 -322.177606 3.101959
25 -319.932827 -0.208776
26 -317.688048 -3.519511
27 -315.443269 -6.830247
28 -313.198490 -10.140982
29 -348.545606 48.049580
30 -346.300827 44.738844
31 -326.097817 14.942227
32 -323.853038 11.631492
33 -321.608260 8.320756
34 -319.363481 5.010021
35 -317.118702 1.699286
36 -314.873923 -1.611449
37 -312.629144 -4.922185
38 -310.384365 -8.232920
39 -352.465817 59.889847
40 -350.221038 56.579112
41 -347.976259 53.268377
42 -345.731481 49.957642
43 -343.486702 46.646906
44 -323.283692 16.850289
45 -321.038913 13.539554
46 -318.794135 10.228818
47 -316.549356 6.918083
48 -314.304577 3.607348
49 -312.059798 0.296613
50 -309.815019 -3.014123
51 -307.570240 -6.324858
52 -356.386029 71.730115
53 -354.141250 68.419380
54 -351.896471 65.108645
55 -349.651692 61.797909
56 -347.406913 58.487174
57 -345.162134 55.176439
58 -342.917356 51.865704
59 -340.672577 48.554968
60 -338.427798 45.244233
61 -320.469567 18.758351
62 -318.224788 15.447616
63 -315.980010 12.136880
64 -307.000894 -1.106061
65 -304.756115 -4.416796
66 -358.061461 80.259648
67 -355.816682 76.948912
68 -353.571904 73.638177
69 -351.327125 70.327442
70 -349.082346 67.016707
71 -346.837567 63.705971
72 -344.592788 60.395236
73 -342.348009 57.084501
74 -340.103231 53.773766
75 -337.858452 50.463030
76 -335.613673 47.152295
77 -333.368894 43.841560
78 -315.410663 17.355678
79 -304.186769 0.802001
80 -301.941990 -2.508734
81 -357.492115 85.478445
82 -355.247336 82.167710
83 -353.002557 78.856974
84 -350.757779 75.546239
85 -348.513000 72.235504
86 -346.268221 68.924769
87 -344.023442 65.614033
88 -341.778663 62.303298
89 -339.533884 58.992563
90 -337.289106 55.681828
91 -335.044327 52.371092
92 -332.799548 49.060357
93 -330.554769 45.749622
94 -301.372644 2.710063
95 -299.127865 -0.600672
96 -356.922769 90.697242
97 -354.677990 87.386507
98 -352.433211 84.075772
99 -350.188432 80.765036
100 -347.943654 77.454301
101 -345.698875 74.143566
102 -343.454096 70.832831
103 -341.209317 67.522095
104 -338.964538 64.211360
105 -336.719759 60.900625
106 -334.474981 57.589890
107 -332.230202 54.279154
108 -329.985423 50.968419
109 -327.740644 47.657684
110 -325.495865 44.346949
111 -305.292856 14.550331
112 -303.048077 11.239596
113 -300.803298 7.928861
114 -298.558519 4.618125
115 -296.313740 1.307390
116 -354.108644 92.605304
117 -351.863865 89.294569
118 -349.619086 85.983834
119 -347.374308 82.673098
120 -345.129529 79.362363
121 -342.884750 76.051628
122 -340.639971 72.740893
123 -338.395192 69.430157
124 -336.150413 66.119422
125 -333.905635 62.808687
126 -324.926519 49.565746
127 -322.681740 46.255011
128 -320.436962 42.944275
129 -304.723510 19.769128
130 -302.478731 16.458393
131 -300.233952 13.147658
132 -297.989173 9.836923
133 -295.744394 6.526187
134 -293.499615 3.215452
135 -291.254837 -0.095283
136 -351.294519 94.513366
137 -349.049740 91.202631
138 -346.804961 87.891896
139 -344.560183 84.581160
140 -342.315404 81.270425
141 -340.070625 77.959690
142 -337.825846 74.648955
143 -335.581067 71.338219
144 -333.336288 68.027484
145 -319.867615 48.163073
146 -317.622837 44.852337
147 -315.378058 41.541602
148 -304.154164 24.987926
149 -301.909385 21.677190
150 -299.664606 18.366455
151 -297.419827 15.055720
152 -295.175048 11.744985
153 -292.930269 8.434249
154 -290.685491 5.123514
155 -288.440712 1.812779
156 -350.725173 99.732164
157 -348.480394 96.421428
158 -346.235615 93.110693
159 -343.990836 89.799958
160 -341.746058 86.489222
161 -339.501279 83.178487
162 -337.256500 79.867752
163 -335.011721 76.557017
164 -332.766942 73.246281
165 -312.563933 43.449664
166 -310.319154 40.138929
167 -308.074375 36.828194
168 -305.829596 33.517458
169 -303.584817 30.206723
170 -301.340039 26.895988
171 -299.095260 23.585252
172 -296.850481 20.274517
173 -294.605702 16.963782
174 -292.360923 13.653047
175 -290.116144 10.342311
176 -287.871366 7.031576
177 -285.626587 3.720841
178 -283.381808 0.410106
179 -350.155827 104.950961
180 -347.911048 101.640226
181 -345.666269 98.329490
182 -343.421490 95.018755
183 -341.176711 91.708020
184 -338.931933 88.397285
185 -336.687154 85.086549
186 -334.442375 81.775814
187 -332.197596 78.465079
188 -329.952817 75.154343
189 -307.505029 42.046991
190 -305.260250 38.736256
191 -303.015471 35.425520
192 -300.770692 32.114785
193 -298.525914 28.804050
194 -296.281135 25.493314
195 -294.036356 22.182579
196 -291.791577 18.871844
197 -289.546798 15.561109
198 -287.302019 12.250373
199 -285.057241 8.939638
200 -282.812462 5.628903
201 -280.567683 2.318168
202 -278.322904 -0.992568
203 -349.586481 110.169758
204 -347.341702 106.859023
205 -345.096923 103.548288
206 -342.852144 100.237552
207 -340.607365 96.926817
208 -338.362586 93.616082
209 -336.117808 90.305347
210 -333.873029 86.994611
211 -331.628250 83.683876
212 -329.383471 80.373141
213 -302.446125 40.644318
214 -300.201346 37.333582
215 -297.956567 34.022847
216 -295.711789 30.712112
217 -293.467010 27.401376
218 -291.222231 24.090641
219 -288.977452 20.779906
220 -286.732673 17.469171
221 -284.487894 14.158435
222 -282.243116 10.847700
223 -279.998337 7.536965
224 -277.753558 4.226230
225 -275.508779 0.915494
226 -273.264000 -2.395241
227 -346.772356 112.077820
228 -344.527577 108.767085
229 -342.282798 105.456350
230 -340.038019 102.145614
231 -337.793240 98.834879
232 -335.548461 95.524144
233 -333.303683 92.213409
234 -331.058904 88.902673
235 -328.814125 85.591938
236 -297.387221 39.241644
237 -295.142442 35.930909
238 -292.897664 32.620174
239 -290.652885 29.309439
240 -288.408106 25.998703
241 -286.163327 22.687968
242 -283.918548 19.377233
243 -281.673769 16.066497
244 -279.428991 12.755762
245 -277.184212 9.445027
246 -274.939433 6.134292
247 -272.694654 2.823556
248 -270.449875 -0.487179
249 -268.205096 -3.797914
250 -341.713452 110.675147
251 -339.468673 107.364412
252 -337.223894 104.053676
253 -334.979115 100.742941
254 -332.734337 97.432206
255 -330.489558 94.121471
256 -328.244779 90.810735
257 -294.573096 41.149706
258 -292.328317 37.838971
259 -290.083539 34.528236
260 -287.838760 31.217501
261 -285.593981 27.906765
262 -283.349202 24.596030
263 -281.104423 21.285295
264 -278.859644 17.974559
265 -276.614866 14.663824
266 -274.370087 11.353089
267 -272.125308 8.042354
268 -269.880529 4.731618
269 -267.635750 1.420883
270 -265.390971 -1.889852
271 -263.146193 -5.200587
272 -240.698404 -38.307940
273 -238.453625 -41.618675
274 -336.654548 109.272474
275 -334.409769 105.961738
276 -332.164990 102.651003
277 -329.920212 99.340268
278 -327.675433 96.029533
279 -289.514193 39.747033
280 -287.269414 36.436298
281 -285.024635 33.125563
282 -282.779856 29.814827
283 -280.535077 26.504092
284 -278.290298 23.193357
285 -276.045520 19.882621
286 -273.800741 16.571886
287 -271.555962 13.261151
288 -269.311183 9.950416
289 -267.066404 6.639680
290 -264.821625 3.328945
291 -262.576847 0.018210
292 -260.332068 -3.292525
293 -242.373837 -29.778407
294 -240.129058 -33.089143
295 -237.884279 -36.399878
296 -235.639500 -39.710613
297 -331.595644 107.869800
298 -329.350865 104.559065
299 -327.106087 101.248330
300 -275.476173 25.101419
301 -273.231395 21.790683
302 -270.986616 18.479948
303 -268.741837 15.169213
304 -266.497058 11.858478
305 -264.252279 8.547742
306 -262.007500 5.237007
307 -259.762722 1.926272
308 -257.517943 -1.384463
309 -241.804491 -24.559610
310 -239.559712 -27.870345
311 -237.314933 -31.181081
312 -268.172491 20.388010
313 -265.927712 17.077275
314 -263.682933 13.766540
315 -261.438154 10.455804
316 -259.193375 7.145069
317 -256.948597 3.834334
318 -254.703818 0.523599
319 -252.459039 -2.787137
320 -238.990366 -22.651548
321 -236.745587 -25.962283
322 -251.889693 2.431661
323 -249.644914 -0.879075
324 -236.176241 -20.743486
325 -246.830789 1.028987
326 -244.586010 -2.281748
327 -244.016664 2.937049
328 -241.771885 -0.373686
329 -239.527106 -3.684421
330 -237.282327 -6.995156
331 -235.037549 -10.305892
332 -232.792770 -13.616627
333 -241.202539 4.845111
334 -238.957760 1.534376
335 -236.712981 -1.776359
336 -234.468202 -5.087094
337 -232.223424 -8.397830
338 -240.633193 10.063909
339 -238.388414 6.753173
340 -236.143635 3.442438
341 -233.898856 0.131703
342 -231.654078 -3.179032
343 -237.819068 11.971971
344 -235.574289 8.661235
345 -233.329510 5.350500
346 -231.084731 2.039765
347 -237.249722 17.190768
348 -235.004943 13.880033
349 -232.760164 10.569297
350 -230.515385 7.258562
351 -234.435597 19.098830
352 -232.190818 15.788095
353 -229.946039 12.477359
354 -231.621472 21.006892
355 -229.376693 17.696157
356 -228.807347 22.914954
357 -225.993222 24.823016
