# 第26块采样点
# 总点数: 109
# 索引0: 起点, 1: 退出点, 2+: 网格点
# 格式: 索引 X Y

0 -196.000000 -85.000000
1 -203.000000 -52.000000
2 -186.016083 -66.526197
3 -188.512062 -71.144648
4 -189.342079 -67.231711
5 -190.172096 -63.318775
6 -191.002113 -59.405838
7 -191.838058 -71.850162
8 -192.668075 -67.937225
9 -193.498092 -64.024289
10 -194.328109 -60.111352
11 -195.158126 -56.198416
12 -194.334038 -76.468613
13 -195.164054 -72.555676
14 -195.994071 -68.642740
15 -196.824088 -64.729803
16 -197.654105 -60.816867
17 -198.484122 -56.903930
18 -196.830017 -81.087063
19 -197.660034 -77.174127
20 -198.490051 -73.261190
21 -199.320067 -69.348254
22 -200.150084 -65.435317
23 -200.980101 -61.522381
24 -201.810118 -57.609444
25 -202.640135 -53.696508
26 -199.325996 -85.705514
27 -200.156013 -81.792578
28 -200.986030 -77.879641
29 -201.816047 -73.966705
30 -202.646063 -70.053768
31 -203.476080 -66.140832
32 -204.306097 -62.227895
33 -205.136114 -58.314959
34 -205.966131 -54.402022
35 -201.821975 -90.323965
36 -202.651992 -86.411029
37 -203.482009 -82.498092
38 -204.312026 -78.585156
39 -205.142043 -74.672219
40 -205.972059 -70.759283
41 -206.802076 -66.846346
42 -207.632093 -62.933410
43 -208.462110 -59.020473
44 -209.292127 -55.107537
45 -210.122144 -51.194600
46 -204.317954 -94.942416
47 -205.147971 -91.029479
48 -205.977988 -87.116543
49 -206.808005 -83.203606
50 -207.638022 -79.290670
51 -208.468039 -75.377733
52 -209.298055 -71.464797
53 -210.128072 -67.551860
54 -210.958089 -63.638924
55 -211.788106 -59.725987
56 -212.618123 -55.813051
57 -213.448140 -51.900114
58 -207.643950 -95.647930
59 -208.473967 -91.734994
60 -209.303984 -87.822057
61 -210.134001 -83.909121
62 -210.964018 -79.996184
63 -211.794035 -76.083248
64 -212.624051 -72.170311
65 -213.454068 -68.257375
66 -214.284085 -64.344438
67 -215.114102 -60.431502
68 -215.944119 -56.518565
69 -216.774136 -52.605629
70 -210.969946 -96.353445
71 -211.799963 -92.440508
72 -212.629980 -88.527572
73 -213.459997 -84.614635
74 -214.290014 -80.701699
75 -215.120031 -76.788762
76 -215.950047 -72.875826
77 -216.780064 -68.962889
78 -217.610081 -65.049953
79 -218.440098 -61.137016
80 -219.270115 -57.224080
81 -220.100132 -53.311143
82 -215.125959 -93.146022
83 -215.955976 -89.233086
84 -216.785993 -85.320149
85 -217.616010 -81.407213
86 -218.446027 -77.494276
87 -219.276043 -73.581340
88 -220.106060 -69.668403
89 -220.936077 -65.755467
90 -221.766094 -61.842530
91 -218.451955 -93.851537
92 -219.281972 -89.938600
93 -220.111989 -86.025664
94 -220.942006 -82.112727
95 -221.772023 -78.199791
96 -222.602040 -74.286854
97 -223.432056 -70.373918
98 -224.262073 -66.460981
99 -221.777951 -94.557051
100 -222.607968 -90.644114
101 -223.437985 -86.731178
102 -224.268002 -82.818241
103 -225.098019 -78.905305
104 -225.928036 -74.992368
105 -226.758052 -71.079432
106 -225.103947 -95.262565
107 -225.933964 -91.349629
108 -226.763981 -87.436692
