BLOCK_NO: 15
POINTS: 190
COORDINATES:
0 8.000000 27.461538
1 4.000000 -10.333333
2 -28.758076 3.195433
3 -29.179063 -0.782351
4 -29.600049 -4.760136
5 -24.534986 10.793164
6 -24.955972 6.815379
7 -25.376959 2.837595
8 -25.797946 -1.140190
9 -26.218932 -5.117975
10 -26.639919 -9.095759
11 -20.732882 14.413110
12 -21.153869 10.435325
13 -21.574855 6.457541
14 -21.995842 2.479756
15 -22.416829 -1.498029
16 -22.837815 -5.475813
17 -23.258802 -9.453598
18 -17.351765 14.055271
19 -17.772752 10.077486
20 -18.193738 6.099702
21 -18.614725 2.121917
22 -19.035712 -1.855867
23 -19.456699 -5.833652
24 -19.877685 -9.811437
25 -13.549661 17.675217
26 -13.970648 13.697432
27 -14.391635 9.719648
28 -14.812622 5.741863
29 -15.233608 1.764079
30 -15.654595 -2.213706
31 -16.075582 -6.191491
32 -16.496568 -10.169275
33 -9.747558 21.295163
34 -10.168545 17.317378
35 -10.589531 13.339594
36 -11.010518 9.361809
37 -11.431505 5.384024
38 -11.852491 1.406240
39 -12.273478 -2.571545
40 -12.694465 -6.549329
41 -13.115451 -10.527114
42 -6.366441 20.937324
43 -6.787428 16.959539
44 -7.208414 12.981755
45 -7.629401 9.003970
46 -8.050388 5.026186
47 -8.471374 1.048401
48 -8.892361 -2.929383
49 -9.313348 -6.907168
50 -9.734335 -10.884953
51 -2.564337 24.557270
52 -2.985324 20.579485
53 -3.406311 16.601701
54 -3.827297 12.623916
55 -4.248284 8.646132
56 -4.669271 4.668347
57 -5.090258 0.690562
58 -5.511244 -3.287222
59 -5.932231 -7.265007
60 0.816780 24.199431
61 0.395793 20.221647
62 -0.025194 16.243862
63 -0.446181 12.266078
64 -0.867167 8.288293
65 -1.288154 4.310508
66 -1.709141 0.332724
67 -2.130127 -3.645061
68 -2.551114 -7.622845
69 4.197896 23.841593
70 3.776910 19.863808
71 3.355923 15.886023
72 2.934936 11.908239
73 2.513950 7.930454
74 2.092963 3.952670
75 1.671976 -0.025115
76 1.250990 -4.002900
77 0.830003 -7.980684
78 7.579013 23.483754
79 7.158027 19.505969
80 6.737040 15.528185
81 6.316053 11.550400
82 5.895067 7.572616
83 5.474080 3.594831
84 5.053093 -0.382954
85 4.632106 -4.360738
86 4.211120 -8.338523
87 11.381117 27.103700
88 10.960130 23.125915
89 10.539143 19.148131
90 10.118157 15.170346
91 9.697170 11.192561
92 9.276183 7.214777
93 8.855197 3.236992
94 8.434210 -0.740792
95 8.013223 -4.718577
96 7.592237 -8.696361
97 14.762234 26.745861
98 14.341247 22.768076
99 13.920260 18.790292
100 13.499274 14.812507
101 13.078287 10.834723
102 12.657300 6.856938
103 12.236314 2.879154
104 11.815327 -1.098631
105 11.394340 -5.076416
106 10.973353 -9.054200
107 18.143351 26.388022
108 17.722364 22.410238
109 17.301377 18.432453
110 16.880391 14.454669
111 16.459404 10.476884
112 16.038417 6.499099
113 15.617430 2.521315
114 15.196444 -1.456470
115 14.775457 -5.434254
116 21.524468 26.030184
117 21.103481 22.052399
118 20.682494 18.074615
119 20.261507 14.096830
120 19.840521 10.119045
121 19.419534 6.141261
122 18.998547 2.163476
123 18.577561 -1.814308
124 18.156574 -5.792093
125 24.905584 25.672345
126 24.484598 21.694560
127 24.063611 17.716776
128 23.642624 13.738991
129 23.221638 9.761207
130 22.800651 5.783422
131 22.379664 1.805637
132 21.958678 -2.172147
133 21.537691 -6.149932
134 28.286701 25.314506
135 27.865715 21.336722
136 27.444728 17.358937
137 27.023741 13.381153
138 26.602755 9.403368
139 26.181768 5.425583
140 25.760781 1.447799
141 25.339794 -2.529986
142 24.918808 -6.507770
143 31.667818 24.956668
144 31.246832 20.978883
145 30.825845 17.001098
146 30.404858 13.023314
147 29.983871 9.045529
148 29.562885 5.067745
149 29.141898 1.089960
150 28.720911 -2.887824
151 28.299925 -6.865609
152 35.048935 24.598829
153 34.627948 20.621044
154 34.206962 16.643260
155 33.785975 12.665475
156 33.364988 8.687691
157 32.944002 4.709906
158 32.523015 0.732121
159 32.102028 -3.245663
160 38.430052 24.240990
161 38.009065 20.263206
162 37.588079 16.285421
163 37.167092 12.307636
164 36.746105 8.329852
165 36.325119 4.352067
166 35.904132 0.374283
167 35.483145 -3.603502
168 41.811169 23.883152
169 41.390182 19.905367
170 40.969196 15.927582
171 40.548209 11.949798
172 40.127222 7.972013
173 39.706235 3.994229
174 39.285249 0.016444
175 38.864262 -3.961341
176 45.192286 23.525313
177 44.771299 19.547528
178 44.350312 15.569744
179 43.929326 11.591959
180 43.508339 7.614174
181 43.087352 3.636390
182 42.666366 -0.341395
183 42.245379 -4.319179
184 48.152416 19.189690
185 47.731429 15.211905
186 47.310443 11.234120
187 46.889456 7.256336
188 46.468469 3.278551
189 46.047483 -0.699233
TOUR_ORDER:
0 87 97 107 116 125 134 143 152 160 168 176 184 177 169 161 153 144 135 126 117 108 98 88 78 69 60 51 52 61 70 79 89 99 109 118 127 136 145 154 162 170 178 185 186 179 171 163 155 146 137 128 119 110 100 90 80 71 62 53 43 42 33 34 25 26 35 44 54 63 72 81 91 101 111 120 129 138 147 156 164 172 180 187 188 181 173 165 157 148 139 130 121 112 102 92 82 73 64 55 45 36 27 19 18 11 12 5 6 13 20 28 37 46 56 65 74 83 93 103 113 122 131 140 149 158 166 174 182 189 183 175 167 159 150 151 142 141 132 123 133 124 115 114 104 94 84 75 66 57 58 48 47 38 29 21 14 7 2 3 8 15 22 30 39 40 31 23 16 9 4 10 17 24 32 41 50 49 59 68 77 67 76 85 95 105 106 96 86 1
