BLOCK_NO: 49
POINTS: 93
COORDINATES:
0 -48.000000 -189.000000
1 -12.000000 -149.000000
2 28.261979 -150.006789
3 23.058920 -150.705486
4 -8.902728 -181.135948
5 -6.226869 -178.162771
6 17.855861 -151.404182
7 -19.457505 -187.780998
8 -16.781646 -184.807821
9 -14.105787 -181.834644
10 -11.429928 -178.861468
11 -8.754069 -175.888291
12 -6.078210 -172.915115
13 12.652802 -152.102879
14 -24.660564 -188.479694
15 -21.984705 -185.506518
16 -19.308846 -182.533341
17 -16.632987 -179.560164
18 -13.957128 -176.586988
19 -11.281269 -173.613811
20 -8.605410 -170.640635
21 -5.929551 -167.667458
22 7.449743 -152.801575
23 -32.539482 -192.151567
24 -29.863623 -189.178391
25 -27.187764 -186.205214
26 -24.511905 -183.232037
27 -21.836046 -180.258861
28 -19.160187 -177.285684
29 -8.456751 -165.392978
30 -5.780892 -162.419801
31 -0.429175 -156.473448
32 2.246684 -153.500272
33 -37.742541 -192.850264
34 -35.066682 -189.877087
35 -32.390823 -186.903911
36 -29.714964 -183.930734
37 -27.039105 -180.957557
38 -24.363246 -177.984381
39 -8.308093 -160.145321
40 -5.632234 -157.172145
41 -2.956375 -154.198968
42 -42.945600 -193.548960
43 -40.269741 -190.575784
44 -37.593882 -187.602607
45 -34.918023 -184.629430
46 -32.242164 -181.656254
47 -29.566305 -178.683077
48 -26.890446 -175.709901
49 -10.835293 -157.870841
50 -8.159434 -154.897665
51 -5.483575 -151.924488
52 -45.472800 -191.274480
53 -42.796941 -188.301304
54 -40.121082 -185.328127
55 -37.445223 -182.354950
56 -34.769364 -179.381774
57 -32.093505 -176.408597
58 -29.417646 -173.435421
59 -13.362493 -155.596361
60 -10.686634 -152.623184
61 -8.010775 -149.650008
62 -45.324141 -186.026823
63 -42.648282 -183.053647
64 -39.972423 -180.080470
65 -37.296564 -177.107294
66 -34.620705 -174.134117
67 -31.944846 -171.160940
68 -21.241411 -159.268234
69 -18.565552 -156.295058
70 -15.889693 -153.321881
71 -13.213834 -150.348704
72 -45.175482 -180.779167
73 -42.499623 -177.805990
74 -39.823764 -174.832814
75 -37.147905 -171.859637
76 -34.472047 -168.886460
77 -31.796188 -165.913284
78 -26.444470 -159.966931
79 -23.768611 -156.993754
80 -21.092752 -154.020577
81 -45.026823 -175.531510
82 -42.350964 -172.558333
83 -39.675106 -169.585157
84 -36.999247 -166.611980
85 -34.323388 -163.638804
86 -31.647529 -160.665627
87 -28.971670 -157.692451
88 -26.295811 -154.719274
89 -42.202306 -167.310677
90 -39.526447 -164.337500
91 -36.850588 -161.364324
92 -34.174729 -158.391147
TOUR_ORDER:
0 52 42 33 43 53 62 72 63 54 44 34 23 24 35 45 55 64 73 81 82 74 65 56 46 36 25 14 7 15 26 37 47 57 66 75 83 89 90 91 92 86 77 85 84 76 67 58 48 38 27 16 8 9 17 28 18 10 4 5 11 19 20 12 21 29 30 39 49 50 40 31 3 2 6 13 22 32 41 51 61 60 59 69 68 79 78 87 88 80 70 71 1
