# 第8块采样点
# 总点数: 322
# 索引0: 起点, 1: 退出点, 2+: 网格点
# 格式: 索引 X Y

0 31.833333 183.000000
1 -4.636364 187.000000
2 16.400828 225.737311
3 12.424673 226.173417
4 8.448517 226.609522
5 4.472362 227.045627
6 0.496206 227.481732
7 20.006294 221.921474
8 16.030139 222.357579
9 12.053983 222.793684
10 8.077828 223.229790
11 4.101673 223.665895
12 0.125517 224.102000
13 23.611761 218.105637
14 19.635605 218.541742
15 15.659450 218.977847
16 11.683294 219.413952
17 7.707139 219.850057
18 3.730983 220.286163
19 -0.245172 220.722268
20 23.241071 214.725905
21 19.264916 215.162010
22 15.288760 215.598115
23 11.312605 216.034220
24 7.336449 216.470325
25 3.360294 216.906430
26 -0.615862 217.342535
27 -4.592017 217.778641
28 22.870382 211.346173
29 18.894226 211.782278
30 14.918071 212.218383
31 10.941915 212.654488
32 6.965760 213.090593
33 2.989604 213.526698
34 -0.986551 213.962803
35 -4.962706 214.398908
36 26.475848 207.530335
37 22.499692 207.966440
38 18.523537 208.402546
39 14.547381 208.838651
40 10.571226 209.274756
41 6.595071 209.710861
42 2.618915 210.146966
43 -1.357240 210.583071
44 -5.333396 211.019176
45 26.105159 204.150603
46 22.129003 204.586708
47 18.152848 205.022813
48 14.176692 205.458919
49 10.200537 205.895024
50 6.224381 206.331129
51 2.248226 206.767234
52 -1.727930 207.203339
53 -5.704085 207.639444
54 25.734469 200.770871
55 21.758314 201.206976
56 17.782158 201.643081
57 13.806003 202.079186
58 9.829847 202.515292
59 5.853692 202.951397
60 1.877536 203.387502
61 -2.098619 203.823607
62 -6.074775 204.259712
63 29.339935 196.955034
64 25.363780 197.391139
65 21.387624 197.827244
66 17.411469 198.263349
67 13.435313 198.699454
68 9.459158 199.135559
69 5.483002 199.571664
70 1.506847 200.007770
71 -2.469308 200.443875
72 -6.445464 200.879980
73 28.969246 193.575302
74 24.993090 194.011407
75 21.016935 194.447512
76 17.040780 194.883617
77 13.064624 195.319722
78 9.088469 195.755827
79 5.112313 196.191932
80 1.136158 196.628037
81 -2.839998 197.064143
82 28.598557 190.195569
83 24.622401 190.631675
84 20.646246 191.067780
85 16.670090 191.503885
86 12.693935 191.939990
87 8.717779 192.376095
88 4.741624 192.812200
89 0.765468 193.248305
90 -3.210687 193.684410
91 28.227867 186.815837
92 24.251712 187.251942
93 20.275556 187.688048
94 16.299401 188.124153
95 12.323245 188.560258
96 8.347090 188.996363
97 4.370934 189.432468
98 0.394779 189.868573
99 -3.581377 190.304678
100 27.857178 183.436105
101 23.881022 183.872210
102 19.904867 184.308315
103 15.928711 184.744421
104 11.952556 185.180526
105 7.976401 185.616631
106 4.000245 186.052736
107 0.024090 186.488841
108 -3.952066 186.924946
109 31.462644 179.620268
110 27.486489 180.056373
111 23.510333 180.492478
112 19.534178 180.928583
113 15.558022 181.364688
114 11.581867 181.800793
115 7.605711 182.236899
116 3.629556 182.673004
117 -0.346600 183.109109
118 31.091955 176.240536
119 27.115799 176.676641
120 23.139644 177.112746
121 19.163488 177.548851
122 15.187333 177.984956
123 11.211177 178.421061
124 7.235022 178.857166
125 3.258866 179.293272
126 -0.717289 179.729377
127 30.721265 172.860804
128 26.745110 173.296909
129 22.768954 173.733014
130 18.792799 174.169119
131 14.816643 174.605224
132 10.840488 175.041329
133 6.864332 175.477434
134 2.888177 175.913539
135 -1.087978 176.349645
136 30.350576 169.481071
137 26.374420 169.917177
138 22.398265 170.353282
139 18.422109 170.789387
140 14.445954 171.225492
141 10.469799 171.661597
142 6.493643 172.097702
143 2.517488 172.533807
144 29.979887 166.101339
145 26.003731 166.537444
146 22.027576 166.973550
147 18.051420 167.409655
148 14.075265 167.845760
149 10.099109 168.281865
150 6.122954 168.717970
151 2.146798 169.154075
152 29.609197 162.721607
153 25.633042 163.157712
154 21.656886 163.593817
155 17.680731 164.029922
156 13.704575 164.466028
157 9.728420 164.902133
158 5.752264 165.338238
159 1.776109 165.774343
160 25.262352 159.777980
161 21.286197 160.214085
162 17.310041 160.650190
163 13.333886 161.086295
164 9.357730 161.522401
165 5.381575 161.958506
166 1.405420 162.394611
167 24.891663 156.398248
168 20.915508 156.834353
169 16.939352 157.270458
170 12.963197 157.706563
171 8.987041 158.142668
172 5.010886 158.578774
173 1.034730 159.014879
174 28.497129 152.582411
175 24.520974 153.018516
176 20.544818 153.454621
177 16.568663 153.890726
178 12.592507 154.326831
179 8.616352 154.762936
180 4.640196 155.199041
181 0.664041 155.635147
182 -3.312115 156.071252
183 32.102595 148.766573
184 28.126440 149.202679
185 24.150284 149.638784
186 20.174129 150.074889
187 16.197973 150.510994
188 12.221818 150.947099
189 8.245662 151.383204
190 4.269507 151.819309
191 0.293351 152.255414
192 -3.682804 152.691520
193 35.708061 144.950736
194 31.731906 145.386841
195 27.755750 145.822946
196 23.779595 146.259051
197 19.803439 146.695157
198 15.827284 147.131262
199 11.851129 147.567367
200 7.874973 148.003472
201 3.898818 148.439577
202 -0.077338 148.875682
203 -4.053493 149.311787
204 35.337372 141.571004
205 31.361216 142.007109
206 27.385061 142.443214
207 23.408906 142.879319
208 19.432750 143.315424
209 15.456595 143.751530
210 11.480439 144.187635
211 7.504284 144.623740
212 3.528128 145.059845
213 -0.448027 145.495950
214 -4.424183 145.932055
215 34.966683 138.191272
216 30.990527 138.627377
217 27.014372 139.063482
218 23.038216 139.499587
219 19.062061 139.935692
220 15.085905 140.371797
221 11.109750 140.807903
222 7.133594 141.244008
223 3.157439 141.680113
224 -0.818717 142.116218
225 -4.794872 142.552323
226 34.595993 134.811540
227 30.619838 135.247645
228 26.643682 135.683750
229 22.667527 136.119855
230 18.691371 136.555960
231 14.715216 136.992065
232 10.739060 137.428170
233 6.762905 137.864276
234 2.786749 138.300381
235 -1.189406 138.736486
236 -5.165561 139.172591
237 34.225304 131.431808
238 30.249148 131.867913
239 26.272993 132.304018
240 22.296837 132.740123
241 18.320682 133.176228
242 14.344527 133.612333
243 10.368371 134.048438
244 6.392216 134.484543
245 2.416060 134.920649
246 -1.560095 135.356754
247 -5.536251 135.792859
248 33.854615 128.052075
249 29.878459 128.488180
250 25.902304 128.924286
251 21.926148 129.360391
252 17.949993 129.796496
253 13.973837 130.232601
254 9.997682 130.668706
255 6.021526 131.104811
256 2.045371 131.540916
257 -1.930785 131.977022
258 -5.906940 132.413127
259 33.483925 124.672343
260 29.507770 125.108448
261 25.531614 125.544553
262 21.555459 125.980659
263 17.579303 126.416764
264 13.603148 126.852869
265 9.626992 127.288974
266 5.650837 127.725079
267 1.674681 128.161184
268 -2.301474 128.597289
269 -6.277630 129.033394
270 33.113236 121.292611
271 29.137080 121.728716
272 25.160925 122.164821
273 21.184769 122.600926
274 17.208614 123.037032
275 13.232458 123.473137
276 9.256303 123.909242
277 5.280148 124.345347
278 1.303992 124.781452
279 -2.672163 125.217557
280 -6.648319 125.653662
281 32.742546 117.912879
282 28.766391 118.348984
283 24.790236 118.785089
284 20.814080 119.221194
285 16.837925 119.657299
286 12.861769 120.093405
287 8.885614 120.529510
288 4.909458 120.965615
289 0.933303 121.401720
290 -3.042853 121.837825
291 -7.019008 122.273930
292 32.371857 114.533147
293 28.395702 114.969252
294 24.419546 115.405357
295 20.443391 115.841462
296 16.467235 116.277567
297 12.491080 116.713672
298 8.514924 117.149778
299 4.538769 117.585883
300 0.562613 118.021988
301 -3.413542 118.458093
302 -7.389698 118.894198
303 28.025012 111.589520
304 24.048857 112.025625
305 20.072701 112.461730
306 16.096546 112.897835
307 12.120390 113.333940
308 8.144235 113.770045
309 4.168079 114.206151
310 0.191924 114.642256
311 -3.784231 115.078361
312 -7.760387 115.514466
313 27.654323 108.209788
314 23.678167 108.645893
315 19.702012 109.081998
316 15.725856 109.518103
317 11.749701 109.954208
318 7.773546 110.390313
319 3.797390 110.826418
320 -0.178765 111.262523
321 -4.154921 111.698629
