BLOCK_NO: 30
POINTS: 114
COORDINATES:
0 -206.000000 67.000000
1 -168.000000 75.000000
2 -197.883187 47.861626
3 -193.968988 48.685668
4 -190.054789 49.509710
5 -186.140590 50.333752
6 -182.226390 51.157794
7 -202.497822 50.364654
8 -198.583623 51.188696
9 -194.669424 52.012738
10 -190.755224 52.836779
11 -186.841025 53.660821
12 -182.926826 54.484863
13 -179.012627 55.308905
14 -203.198257 53.691723
15 -199.284058 54.515765
16 -195.369859 55.339807
17 -191.455660 56.163849
18 -187.541461 56.987891
19 -183.627262 57.811933
20 -179.713063 58.635974
21 -199.984494 57.842834
22 -196.070295 58.666876
23 -192.156096 59.490918
24 -188.241897 60.314960
25 -184.327697 61.139002
26 -180.413498 61.963044
27 -176.499299 62.787086
28 -172.585100 63.611128
29 -200.684930 61.169903
30 -196.770730 61.993945
31 -192.856531 62.817987
32 -188.942332 63.642029
33 -185.028133 64.466071
34 -181.113934 65.290113
35 -177.199735 66.114155
36 -173.285536 66.938197
37 -169.371336 67.762239
38 -201.385365 64.496973
39 -197.471166 65.321015
40 -193.556967 66.145057
41 -189.642768 66.969098
42 -185.728569 67.793140
43 -181.814370 68.617182
44 -177.900170 69.441224
45 -173.985971 70.265266
46 -170.071772 71.089308
47 -202.085801 67.824042
48 -198.171602 68.648084
49 -194.257403 69.472126
50 -190.343203 70.296168
51 -186.429004 71.120210
52 -182.514805 71.944252
53 -178.600606 72.768293
54 -174.686407 73.592335
55 -170.772208 74.416377
56 -202.786236 71.151111
57 -198.872037 71.975153
58 -194.957838 72.799195
59 -191.043639 73.623237
60 -187.129440 74.447279
61 -183.215241 75.271321
62 -179.301042 76.095363
63 -175.386843 76.919405
64 -171.472643 77.743447
65 -203.486672 74.478180
66 -199.572473 75.302222
67 -195.658274 76.126264
68 -191.744075 76.950306
69 -187.829876 77.774348
70 -183.915676 78.598390
71 -180.001477 79.422432
72 -176.087278 80.246474
73 -172.173079 81.070516
74 -200.272909 78.629292
75 -196.358709 79.453334
76 -192.444510 80.277376
77 -188.530311 81.101417
78 -184.616112 81.925459
79 -180.701913 82.749501
80 -176.787714 83.573543
81 -172.873515 84.397585
82 -200.973344 81.956361
83 -197.059145 82.780403
84 -193.144946 83.604445
85 -189.230747 84.428487
86 -185.316548 85.252529
87 -181.402349 86.076571
88 -177.488149 86.900612
89 -201.673780 85.283430
90 -197.759581 86.107472
91 -193.845382 86.931514
92 -189.931182 87.755556
93 -186.016983 88.579598
94 -182.102784 89.403640
95 -202.374216 88.610499
96 -198.460016 89.434541
97 -194.545817 90.258583
98 -190.631618 91.082625
99 -186.717419 91.906667
100 -182.803220 92.730709
101 -203.074651 91.937569
102 -199.160452 92.761611
103 -195.246253 93.585653
104 -191.332054 94.409695
105 -187.417855 95.233736
106 -183.503655 96.057778
107 -199.860888 96.088680
108 -195.946689 96.912722
109 -192.032489 97.736764
110 -188.118290 98.560806
111 -196.647124 100.239791
112 -192.732925 101.063833
113 -188.818726 101.887875
TOUR_ORDER:
0 47 38 29 21 15 14 7 8 2 3 9 16 22 30 39 48 57 56 65 66 74 82 89 95 101 107 102 96 90 83 75 67 58 49 40 31 23 17 10 4 5 11 18 24 32 41 50 59 68 76 84 91 97 103 108 111 112 113 110 109 104 98 92 85 77 69 60 51 42 33 25 19 12 6 13 20 26 34 43 52 61 70 78 86 93 99 105 106 100 94 87 79 71 62 53 44 35 27 28 36 37 46 45 54 63 72 80 88 81 73 64 55 1
