BLOCK_NO: 33
POINTS: 53
COORDINATES:
0 -200.000000 175.000000
1 -204.000000 191.000000
2 -145.089934 221.712361
3 -148.388419 220.887740
4 -151.686903 220.063119
5 -154.985388 219.238498
6 -158.283872 218.413877
7 -159.254015 222.294447
8 -161.582357 217.589256
9 -162.552499 221.469826
10 -164.880841 216.764635
11 -165.850984 220.645205
12 -168.179326 215.940014
13 -169.149468 219.820584
14 -172.447953 218.995962
15 -175.746437 218.171341
16 -176.716580 222.051911
17 -179.044922 217.346720
18 -180.015064 221.227290
19 -182.343406 216.522099
20 -183.313549 220.402669
21 -185.641891 215.697478
22 -186.612033 219.578048
23 -188.940375 214.872857
24 -189.910518 218.753427
25 -192.238860 214.048236
26 -193.209002 217.928806
27 -194.179145 221.809376
28 -194.567202 209.343045
29 -195.537344 213.223615
30 -196.507487 217.104185
31 -197.477629 220.984755
32 -195.925401 200.757283
33 -196.895544 204.637853
34 -197.865686 208.518423
35 -198.835829 212.398993
36 -199.805971 216.279563
37 -200.776114 220.160133
38 -196.313458 188.290952
39 -197.283601 192.171522
40 -198.253743 196.052092
41 -199.223886 199.932662
42 -200.194029 203.813232
43 -201.164171 207.693802
44 -202.134314 211.574372
45 -203.104456 215.454942
46 -197.671658 179.705191
47 -198.641800 183.585761
48 -199.611943 187.466331
49 -200.582086 191.346901
50 -201.552228 195.227471
51 -202.522371 199.108041
52 -203.492513 202.988611
TOUR_ORDER:
0 46 47 48 38 39 40 41 32 33 34 28 29 25 23 21 19 17 15 14 12 10 8 6 5 4 3 2 7 9 11 13 16 18 20 22 24 26 30 27 31 37 45 36 35 44 43 42 52 51 50 49 1
