# 第14块采样点
# 总点数: 175
# 索引0: 起点, 1: 退出点, 2+: 网格点
# 格式: 索引 X Y

0 -32.100000 35.000000
1 8.000000 34.500000
2 -24.185403 28.100786
3 -20.185714 28.050914
4 -28.142702 31.550393
5 -24.143013 31.500521
6 -20.143323 31.450650
7 -16.143634 31.400779
8 -12.143945 31.350907
9 -8.144256 31.301036
10 -28.100311 34.950129
11 -24.100622 34.900257
12 -20.100933 34.850386
13 -16.101244 34.800514
14 -12.101555 34.750643
15 -8.101865 34.700771
16 -4.102176 34.650900
17 -0.102487 34.601029
18 3.897202 34.551157
19 -32.057609 38.399736
20 -28.057920 38.349864
21 -24.058231 38.299993
22 -20.058542 38.250121
23 -16.058853 38.200250
24 -12.059164 38.150379
25 -8.059475 38.100507
26 -4.059786 38.050636
27 -0.060097 38.000764
28 3.939593 37.950893
29 7.939282 37.901021
30 11.938971 37.851150
31 15.938660 37.801279
32 19.938349 37.751407
33 23.938038 37.701536
34 27.937727 37.651664
35 31.937416 37.601793
36 35.937105 37.551921
37 -32.015219 41.799471
38 -28.015529 41.749600
39 -24.015840 41.699729
40 -20.016151 41.649857
41 -16.016462 41.599986
42 -12.016773 41.550114
43 -8.017084 41.500243
44 -4.017395 41.450371
45 -0.017706 41.400500
46 3.981983 41.350629
47 7.981672 41.300757
48 11.981361 41.250886
49 15.981051 41.201014
50 19.980740 41.151143
51 23.980429 41.101271
52 27.980118 41.051400
53 31.979807 41.001528
54 35.979496 40.951657
55 39.979185 40.901786
56 43.978874 40.851914
57 -31.972828 45.199207
58 -27.973139 45.149336
59 -23.973450 45.099464
60 -19.973761 45.049593
61 -15.974071 44.999721
62 -11.974382 44.949850
63 -7.974693 44.899979
64 -3.975004 44.850107
65 0.024685 44.800236
66 4.024374 44.750364
67 8.024063 44.700493
68 12.023752 44.650621
69 16.023441 44.600750
70 20.023130 44.550879
71 24.022819 44.501007
72 28.022509 44.451136
73 32.022198 44.401264
74 36.021887 44.351393
75 40.021576 44.301521
76 44.021265 44.251650
77 48.020954 44.201778
78 -31.930437 48.598943
79 -27.930748 48.549071
80 -23.931059 48.499200
81 -19.931370 48.449329
82 -15.931681 48.399457
83 -11.931992 48.349586
84 -7.932303 48.299714
85 -3.932613 48.249843
86 0.067076 48.199971
87 4.066765 48.150100
88 8.066454 48.100229
89 12.066143 48.050357
90 16.065832 48.000486
91 20.065521 47.950614
92 24.065210 47.900743
93 28.064899 47.850871
94 32.064588 47.801000
95 36.064277 47.751129
96 40.063967 47.701257
97 44.063656 47.651386
98 -31.888046 51.998679
99 -27.888357 51.948807
100 -23.888668 51.898936
101 -19.888979 51.849064
102 -15.889290 51.799193
103 -11.889601 51.749321
104 -7.889912 51.699450
105 -3.890223 51.649579
106 0.109466 51.599707
107 4.109155 51.549836
108 8.108845 51.499964
109 12.108534 51.450093
110 16.108223 51.400221
111 20.107912 51.350350
112 24.107601 51.300479
113 28.107290 51.250607
114 32.106979 51.200736
115 36.106668 51.150864
116 40.106357 51.100993
117 44.106046 51.051121
118 -27.845967 55.348543
119 -23.846277 55.298672
120 -19.846588 55.248800
121 -15.846899 55.198929
122 -11.847210 55.149057
123 -7.847521 55.099186
124 -3.847832 55.049314
125 0.151857 54.999443
126 4.151546 54.949571
127 8.151235 54.899700
128 12.150924 54.849829
129 16.150613 54.799957
130 20.150303 54.750086
131 24.149992 54.700214
132 28.149681 54.650343
133 32.149370 54.600471
134 36.149059 54.550600
135 40.148748 54.500729
136 44.148437 54.450857
137 -23.803887 58.698407
138 -19.804198 58.648536
139 -15.804509 58.598664
140 -11.804819 58.548793
141 -7.805130 58.498921
142 -3.805441 58.449050
143 0.194248 58.399179
144 4.193937 58.349307
145 8.193626 58.299436
146 12.193315 58.249564
147 16.193004 58.199693
148 20.192693 58.149821
149 24.192382 58.099950
150 28.192071 58.050079
151 32.191761 58.000207
152 36.191450 57.950336
153 40.191139 57.900464
154 44.190828 57.850593
155 -11.762429 61.948529
156 -7.762740 61.898657
157 -3.763051 61.848786
158 0.236639 61.798914
159 4.236328 61.749043
160 8.236017 61.699171
161 12.235706 61.649300
162 16.235395 61.599429
163 20.235084 61.549557
164 24.234773 61.499686
165 28.234462 61.449814
166 32.234151 61.399943
167 36.233840 61.350071
168 40.233529 61.300200
169 16.277786 64.999164
170 20.277475 64.949293
171 24.277164 64.899421
172 28.276853 64.849550
173 32.276542 64.799679
174 36.276231 64.749807
